;input_max_value;df_max_value;offset;alogrithm;input_max_value;df_max_value;offset;alogrithm;input_max_value;df_max_value;offset;alogrithm;input_max_value;df_max_value;offset;alogrithm;input_max_value;df_max_value;offset;alogrithm;input_max_value;df_max_value;offset;alogrithm;input_max_value;df_max_value;offset;alogrithm;input_max_value;df_max_value;offset;alogrithm
0;2;1;6;hilbert;3.0;2.0;12.0;hilbert;4.0;3.0;12.0;hilbert;5.0;4.0;24.0;hilbert;6.0;5.0;24.0;hilbert;7.0;6.0;24.0;hilbert;8.0;7.0;24.0;hilbert;9.0;8.0;48.0;hilbert
1;2;1;10;hilbert;3.0;2.0;20.0;hilbert;4.0;3.0;20.0;hilbert;5.0;4.0;40.0;hilbert;6.0;5.0;40.0;hilbert;7.0;6.0;40.0;hilbert;8.0;7.0;40.0;hilbert;9.0;8.0;80.0;hilbert
2;2;1;12;hilbert;3.0;2.0;24.0;hilbert;4.0;3.0;24.0;hilbert;5.0;4.0;48.0;hilbert;6.0;5.0;48.0;hilbert;7.0;6.0;48.0;hilbert;8.0;7.0;48.0;hilbert;9.0;8.0;96.0;hilbert
3;2;1;18;hilbert;3.0;2.0;36.0;hilbert;4.0;3.0;36.0;hilbert;5.0;4.0;72.0;hilbert;6.0;5.0;72.0;hilbert;7.0;6.0;72.0;hilbert;8.0;7.0;72.0;hilbert;9.0;8.0;144.0;hilbert
4;2;1;20;hilbert;3.0;2.0;40.0;hilbert;4.0;3.0;40.0;hilbert;5.0;4.0;80.0;hilbert;6.0;5.0;80.0;hilbert;7.0;6.0;80.0;hilbert;8.0;7.0;80.0;hilbert;9.0;8.0;160.0;hilbert
5;2;1;24;hilbert;3.0;2.0;48.0;hilbert;4.0;3.0;48.0;hilbert;5.0;4.0;96.0;hilbert;6.0;5.0;96.0;hilbert;7.0;6.0;96.0;hilbert;8.0;7.0;96.0;hilbert;9.0;8.0;192.0;hilbert
6;2;1;30;hilbert;3.0;2.0;60.0;hilbert;4.0;3.0;60.0;hilbert;5.0;4.0;120.0;hilbert;6.0;5.0;120.0;hilbert;7.0;6.0;120.0;hilbert;8.0;7.0;120.0;hilbert;9.0;8.0;240.0;hilbert
7;2;1;34;hilbert;3.0;2.0;68.0;hilbert;4.0;3.0;68.0;hilbert;5.0;4.0;136.0;hilbert;6.0;5.0;136.0;hilbert;7.0;6.0;136.0;hilbert;8.0;7.0;136.0;hilbert;9.0;8.0;272.0;hilbert
8;2;1;36;hilbert;3.0;2.0;72.0;hilbert;4.0;3.0;72.0;hilbert;5.0;4.0;144.0;hilbert;6.0;5.0;144.0;hilbert;7.0;6.0;144.0;hilbert;8.0;7.0;144.0;hilbert;9.0;8.0;288.0;hilbert
9;2;1;40;hilbert;3.0;2.0;80.0;hilbert;4.0;3.0;80.0;hilbert;5.0;4.0;160.0;hilbert;6.0;5.0;160.0;hilbert;7.0;6.0;160.0;hilbert;8.0;7.0;160.0;hilbert;9.0;8.0;320.0;hilbert
10;2;1;46;hilbert;3.0;2.0;92.0;hilbert;4.0;3.0;92.0;hilbert;5.0;4.0;184.0;hilbert;6.0;5.0;184.0;hilbert;7.0;6.0;184.0;hilbert;8.0;7.0;184.0;hilbert;9.0;8.0;368.0;hilbert
11;2;1;48;hilbert;3.0;2.0;96.0;hilbert;4.0;3.0;96.0;hilbert;5.0;4.0;192.0;hilbert;6.0;5.0;192.0;hilbert;7.0;6.0;192.0;hilbert;8.0;7.0;192.0;hilbert;9.0;8.0;384.0;hilbert
12;2;1;54;hilbert;3.0;2.0;108.0;hilbert;4.0;3.0;108.0;hilbert;5.0;4.0;216.0;hilbert;6.0;5.0;216.0;hilbert;7.0;6.0;216.0;hilbert;8.0;7.0;216.0;hilbert;9.0;8.0;432.0;hilbert
13;2;1;58;hilbert;3.0;2.0;116.0;hilbert;4.0;3.0;116.0;hilbert;5.0;4.0;232.0;hilbert;6.0;5.0;232.0;hilbert;7.0;6.0;232.0;hilbert;8.0;7.0;232.0;hilbert;9.0;8.0;464.0;hilbert
14;2;1;60;hilbert;3.0;2.0;120.0;hilbert;4.0;3.0;120.0;hilbert;5.0;4.0;240.0;hilbert;6.0;5.0;240.0;hilbert;7.0;6.0;240.0;hilbert;8.0;7.0;240.0;hilbert;9.0;8.0;480.0;hilbert
15;2;1;66;hilbert;3.0;2.0;132.0;hilbert;4.0;3.0;132.0;hilbert;5.0;4.0;264.0;hilbert;6.0;5.0;264.0;hilbert;7.0;6.0;264.0;hilbert;8.0;7.0;264.0;hilbert;9.0;8.0;528.0;hilbert
16;2;1;68;hilbert;3.0;2.0;136.0;hilbert;4.0;3.0;136.0;hilbert;5.0;4.0;272.0;hilbert;6.0;5.0;272.0;hilbert;7.0;6.0;272.0;hilbert;8.0;7.0;272.0;hilbert;9.0;8.0;544.0;hilbert
17;2;1;72;hilbert;3.0;2.0;144.0;hilbert;4.0;3.0;144.0;hilbert;5.0;4.0;288.0;hilbert;6.0;5.0;288.0;hilbert;7.0;6.0;288.0;hilbert;8.0;7.0;288.0;hilbert;9.0;8.0;576.0;hilbert
18;2;1;78;hilbert;3.0;2.0;156.0;hilbert;4.0;3.0;156.0;hilbert;5.0;4.0;312.0;hilbert;6.0;5.0;312.0;hilbert;7.0;6.0;312.0;hilbert;8.0;7.0;312.0;hilbert;9.0;8.0;624.0;hilbert
19;2;1;80;hilbert;3.0;2.0;160.0;hilbert;4.0;3.0;160.0;hilbert;5.0;4.0;320.0;hilbert;6.0;5.0;320.0;hilbert;7.0;6.0;320.0;hilbert;8.0;7.0;320.0;hilbert;9.0;8.0;640.0;hilbert
20;2;1;86;hilbert;3.0;2.0;172.0;hilbert;4.0;3.0;172.0;hilbert;5.0;4.0;344.0;hilbert;6.0;5.0;344.0;hilbert;7.0;6.0;344.0;hilbert;8.0;7.0;344.0;hilbert;9.0;8.0;688.0;hilbert
21;2;1;90;hilbert;3.0;2.0;180.0;hilbert;4.0;3.0;180.0;hilbert;5.0;4.0;360.0;hilbert;6.0;5.0;360.0;hilbert;7.0;6.0;360.0;hilbert;8.0;7.0;360.0;hilbert;9.0;8.0;720.0;hilbert
22;2;1;92;hilbert;3.0;2.0;184.0;hilbert;4.0;3.0;184.0;hilbert;5.0;4.0;368.0;hilbert;6.0;5.0;368.0;hilbert;7.0;6.0;368.0;hilbert;8.0;7.0;368.0;hilbert;9.0;8.0;736.0;hilbert
23;2;1;96;hilbert;3.0;2.0;192.0;hilbert;4.0;3.0;192.0;hilbert;5.0;4.0;384.0;hilbert;6.0;5.0;384.0;hilbert;7.0;6.0;384.0;hilbert;8.0;7.0;384.0;hilbert;9.0;8.0;768.0;hilbert
24;2;1;102;hilbert;3.0;2.0;204.0;hilbert;4.0;3.0;204.0;hilbert;5.0;4.0;408.0;hilbert;6.0;5.0;408.0;hilbert;7.0;6.0;408.0;hilbert;8.0;7.0;408.0;hilbert;9.0;8.0;816.0;hilbert
25;2;1;106;hilbert;3.0;2.0;212.0;hilbert;4.0;3.0;212.0;hilbert;5.0;4.0;424.0;hilbert;6.0;5.0;424.0;hilbert;7.0;6.0;424.0;hilbert;8.0;7.0;424.0;hilbert;9.0;8.0;848.0;hilbert
26;2;1;108;hilbert;3.0;2.0;216.0;hilbert;4.0;3.0;216.0;hilbert;5.0;4.0;432.0;hilbert;6.0;5.0;432.0;hilbert;7.0;6.0;432.0;hilbert;8.0;7.0;432.0;hilbert;9.0;8.0;864.0;hilbert
27;2;1;114;hilbert;3.0;2.0;228.0;hilbert;4.0;3.0;228.0;hilbert;5.0;4.0;456.0;hilbert;6.0;5.0;456.0;hilbert;7.0;6.0;456.0;hilbert;8.0;7.0;456.0;hilbert;9.0;8.0;912.0;hilbert
28;2;1;116;hilbert;3.0;2.0;232.0;hilbert;4.0;3.0;232.0;hilbert;5.0;4.0;464.0;hilbert;6.0;5.0;464.0;hilbert;7.0;6.0;464.0;hilbert;8.0;7.0;464.0;hilbert;9.0;8.0;928.0;hilbert
29;2;1;120;hilbert;3.0;2.0;240.0;hilbert;4.0;3.0;240.0;hilbert;5.0;4.0;480.0;hilbert;6.0;5.0;480.0;hilbert;7.0;6.0;480.0;hilbert;8.0;7.0;480.0;hilbert;9.0;8.0;960.0;hilbert
30;2;1;126;hilbert;3.0;2.0;252.0;hilbert;4.0;3.0;252.0;hilbert;5.0;4.0;504.0;hilbert;6.0;5.0;504.0;hilbert;7.0;6.0;504.0;hilbert;8.0;7.0;504.0;hilbert;;;;
31;2;1;130;hilbert;3.0;2.0;260.0;hilbert;4.0;3.0;260.0;hilbert;5.0;4.0;520.0;hilbert;6.0;5.0;520.0;hilbert;7.0;6.0;520.0;hilbert;8.0;7.0;520.0;hilbert;;;;
32;2;1;132;hilbert;3.0;2.0;264.0;hilbert;4.0;3.0;264.0;hilbert;5.0;4.0;528.0;hilbert;6.0;5.0;528.0;hilbert;7.0;6.0;528.0;hilbert;8.0;7.0;528.0;hilbert;;;;
33;2;1;136;hilbert;3.0;2.0;272.0;hilbert;4.0;3.0;272.0;hilbert;5.0;4.0;544.0;hilbert;6.0;5.0;544.0;hilbert;7.0;6.0;544.0;hilbert;8.0;7.0;544.0;hilbert;;;;
34;2;1;142;hilbert;3.0;2.0;284.0;hilbert;4.0;3.0;284.0;hilbert;5.0;4.0;568.0;hilbert;6.0;5.0;568.0;hilbert;7.0;6.0;568.0;hilbert;8.0;7.0;568.0;hilbert;;;;
35;2;1;144;hilbert;3.0;2.0;288.0;hilbert;4.0;3.0;288.0;hilbert;5.0;4.0;576.0;hilbert;6.0;5.0;576.0;hilbert;7.0;6.0;576.0;hilbert;8.0;7.0;576.0;hilbert;;;;
36;2;1;150;hilbert;3.0;2.0;300.0;hilbert;4.0;3.0;300.0;hilbert;5.0;4.0;600.0;hilbert;6.0;5.0;600.0;hilbert;7.0;6.0;600.0;hilbert;8.0;7.0;600.0;hilbert;;;;
37;2;1;154;hilbert;3.0;2.0;308.0;hilbert;4.0;3.0;308.0;hilbert;5.0;4.0;616.0;hilbert;6.0;5.0;616.0;hilbert;7.0;6.0;616.0;hilbert;8.0;7.0;616.0;hilbert;;;;
38;2;1;156;hilbert;3.0;2.0;312.0;hilbert;4.0;3.0;312.0;hilbert;5.0;4.0;624.0;hilbert;6.0;5.0;624.0;hilbert;7.0;6.0;624.0;hilbert;8.0;7.0;624.0;hilbert;;;;
39;2;1;160;hilbert;3.0;2.0;320.0;hilbert;4.0;3.0;320.0;hilbert;5.0;4.0;640.0;hilbert;6.0;5.0;640.0;hilbert;7.0;6.0;640.0;hilbert;8.0;7.0;640.0;hilbert;;;;
40;2;1;166;hilbert;3.0;2.0;332.0;hilbert;4.0;3.0;332.0;hilbert;5.0;4.0;664.0;hilbert;6.0;5.0;664.0;hilbert;7.0;6.0;664.0;hilbert;8.0;7.0;664.0;hilbert;;;;
41;2;1;170;hilbert;3.0;2.0;340.0;hilbert;4.0;3.0;340.0;hilbert;5.0;4.0;680.0;hilbert;6.0;5.0;680.0;hilbert;7.0;6.0;680.0;hilbert;8.0;7.0;680.0;hilbert;;;;
42;2;1;172;hilbert;3.0;2.0;344.0;hilbert;4.0;3.0;344.0;hilbert;5.0;4.0;688.0;hilbert;6.0;5.0;688.0;hilbert;7.0;6.0;688.0;hilbert;8.0;7.0;688.0;hilbert;;;;
43;2;1;178;hilbert;3.0;2.0;356.0;hilbert;4.0;3.0;356.0;hilbert;5.0;4.0;712.0;hilbert;6.0;5.0;712.0;hilbert;7.0;6.0;712.0;hilbert;8.0;7.0;712.0;hilbert;;;;
44;2;1;180;hilbert;3.0;2.0;360.0;hilbert;4.0;3.0;360.0;hilbert;5.0;4.0;720.0;hilbert;6.0;5.0;720.0;hilbert;7.0;6.0;720.0;hilbert;8.0;7.0;720.0;hilbert;;;;
45;2;1;184;hilbert;3.0;2.0;368.0;hilbert;4.0;3.0;368.0;hilbert;5.0;4.0;736.0;hilbert;6.0;5.0;736.0;hilbert;7.0;6.0;736.0;hilbert;8.0;7.0;736.0;hilbert;;;;
46;2;1;190;hilbert;3.0;2.0;380.0;hilbert;4.0;3.0;380.0;hilbert;5.0;4.0;760.0;hilbert;6.0;5.0;760.0;hilbert;7.0;6.0;760.0;hilbert;8.0;7.0;760.0;hilbert;;;;
47;2;1;192;hilbert;3.0;2.0;384.0;hilbert;4.0;3.0;384.0;hilbert;5.0;4.0;768.0;hilbert;6.0;5.0;768.0;hilbert;7.0;6.0;768.0;hilbert;8.0;7.0;768.0;hilbert;;;;
48;2;1;198;hilbert;3.0;2.0;396.0;hilbert;4.0;3.0;396.0;hilbert;5.0;4.0;792.0;hilbert;6.0;5.0;792.0;hilbert;7.0;6.0;792.0;hilbert;8.0;7.0;792.0;hilbert;;;;
49;2;1;202;hilbert;3.0;2.0;404.0;hilbert;4.0;3.0;404.0;hilbert;5.0;4.0;808.0;hilbert;6.0;5.0;808.0;hilbert;7.0;6.0;808.0;hilbert;8.0;7.0;808.0;hilbert;;;;
50;2;1;204;hilbert;3.0;2.0;408.0;hilbert;4.0;3.0;408.0;hilbert;5.0;4.0;816.0;hilbert;6.0;5.0;816.0;hilbert;7.0;6.0;816.0;hilbert;8.0;7.0;816.0;hilbert;;;;
51;2;1;210;hilbert;3.0;2.0;420.0;hilbert;4.0;3.0;420.0;hilbert;5.0;4.0;840.0;hilbert;6.0;5.0;840.0;hilbert;7.0;6.0;840.0;hilbert;8.0;7.0;840.0;hilbert;;;;
52;2;1;212;hilbert;3.0;2.0;424.0;hilbert;4.0;3.0;424.0;hilbert;5.0;4.0;848.0;hilbert;6.0;5.0;848.0;hilbert;7.0;6.0;848.0;hilbert;8.0;7.0;848.0;hilbert;;;;
53;2;1;216;hilbert;3.0;2.0;432.0;hilbert;4.0;3.0;432.0;hilbert;5.0;4.0;864.0;hilbert;6.0;5.0;864.0;hilbert;7.0;6.0;864.0;hilbert;8.0;7.0;864.0;hilbert;;;;
54;2;1;222;hilbert;3.0;2.0;444.0;hilbert;4.0;3.0;444.0;hilbert;5.0;4.0;888.0;hilbert;6.0;5.0;888.0;hilbert;7.0;6.0;888.0;hilbert;8.0;7.0;888.0;hilbert;;;;
55;2;1;226;hilbert;3.0;2.0;452.0;hilbert;4.0;3.0;452.0;hilbert;5.0;4.0;904.0;hilbert;6.0;5.0;904.0;hilbert;7.0;6.0;904.0;hilbert;8.0;7.0;904.0;hilbert;;;;
56;2;1;228;hilbert;3.0;2.0;456.0;hilbert;4.0;3.0;456.0;hilbert;5.0;4.0;912.0;hilbert;6.0;5.0;912.0;hilbert;7.0;6.0;912.0;hilbert;8.0;7.0;912.0;hilbert;;;;
57;2;1;232;hilbert;3.0;2.0;464.0;hilbert;4.0;3.0;464.0;hilbert;5.0;4.0;928.0;hilbert;6.0;5.0;928.0;hilbert;7.0;6.0;928.0;hilbert;8.0;7.0;928.0;hilbert;;;;
58;2;1;238;hilbert;3.0;2.0;476.0;hilbert;4.0;3.0;476.0;hilbert;5.0;4.0;952.0;hilbert;6.0;5.0;952.0;hilbert;7.0;6.0;952.0;hilbert;8.0;7.0;952.0;hilbert;;;;
59;2;1;240;hilbert;3.0;2.0;480.0;hilbert;4.0;3.0;480.0;hilbert;5.0;4.0;960.0;hilbert;6.0;5.0;960.0;hilbert;7.0;6.0;960.0;hilbert;8.0;7.0;960.0;hilbert;;;;
60;2;1;246;hilbert;3.0;2.0;492.0;hilbert;4.0;3.0;492.0;hilbert;5.0;4.0;984.0;hilbert;6.0;5.0;984.0;hilbert;7.0;6.0;984.0;hilbert;8.0;7.0;984.0;hilbert;;;;
61;2;1;250;hilbert;3.0;2.0;500.0;hilbert;4.0;3.0;500.0;hilbert;;;;;;;;;;;;;;;;;;;;
62;2;1;252;hilbert;3.0;2.0;504.0;hilbert;4.0;3.0;504.0;hilbert;;;;;;;;;;;;;;;;;;;;
63;2;1;258;hilbert;3.0;2.0;516.0;hilbert;4.0;3.0;516.0;hilbert;;;;;;;;;;;;;;;;;;;;
64;2;1;260;hilbert;3.0;2.0;520.0;hilbert;4.0;3.0;520.0;hilbert;;;;;;;;;;;;;;;;;;;;
65;2;1;264;hilbert;3.0;2.0;528.0;hilbert;4.0;3.0;528.0;hilbert;;;;;;;;;;;;;;;;;;;;
66;2;1;270;hilbert;3.0;2.0;540.0;hilbert;4.0;3.0;540.0;hilbert;;;;;;;;;;;;;;;;;;;;
67;2;1;272;hilbert;3.0;2.0;544.0;hilbert;4.0;3.0;544.0;hilbert;;;;;;;;;;;;;;;;;;;;
68;2;1;278;hilbert;3.0;2.0;556.0;hilbert;4.0;3.0;556.0;hilbert;;;;;;;;;;;;;;;;;;;;
69;2;1;282;hilbert;3.0;2.0;564.0;hilbert;4.0;3.0;564.0;hilbert;;;;;;;;;;;;;;;;;;;;
70;2;1;284;hilbert;3.0;2.0;568.0;hilbert;4.0;3.0;568.0;hilbert;;;;;;;;;;;;;;;;;;;;
71;2;1;288;hilbert;3.0;2.0;576.0;hilbert;4.0;3.0;576.0;hilbert;;;;;;;;;;;;;;;;;;;;
72;2;1;294;hilbert;3.0;2.0;588.0;hilbert;4.0;3.0;588.0;hilbert;;;;;;;;;;;;;;;;;;;;
73;2;1;298;hilbert;3.0;2.0;596.0;hilbert;4.0;3.0;596.0;hilbert;;;;;;;;;;;;;;;;;;;;
74;2;1;300;hilbert;3.0;2.0;600.0;hilbert;4.0;3.0;600.0;hilbert;;;;;;;;;;;;;;;;;;;;
75;2;1;306;hilbert;3.0;2.0;612.0;hilbert;4.0;3.0;612.0;hilbert;;;;;;;;;;;;;;;;;;;;
76;2;1;308;hilbert;3.0;2.0;616.0;hilbert;4.0;3.0;616.0;hilbert;;;;;;;;;;;;;;;;;;;;
77;2;1;312;hilbert;3.0;2.0;624.0;hilbert;4.0;3.0;624.0;hilbert;;;;;;;;;;;;;;;;;;;;
78;2;1;318;hilbert;3.0;2.0;636.0;hilbert;4.0;3.0;636.0;hilbert;;;;;;;;;;;;;;;;;;;;
79;2;1;320;hilbert;3.0;2.0;640.0;hilbert;4.0;3.0;640.0;hilbert;;;;;;;;;;;;;;;;;;;;
80;2;1;326;hilbert;3.0;2.0;652.0;hilbert;4.0;3.0;652.0;hilbert;;;;;;;;;;;;;;;;;;;;
81;2;1;330;hilbert;3.0;2.0;660.0;hilbert;4.0;3.0;660.0;hilbert;;;;;;;;;;;;;;;;;;;;
82;2;1;332;hilbert;3.0;2.0;664.0;hilbert;4.0;3.0;664.0;hilbert;;;;;;;;;;;;;;;;;;;;
83;2;1;338;hilbert;3.0;2.0;676.0;hilbert;4.0;3.0;676.0;hilbert;;;;;;;;;;;;;;;;;;;;
84;2;1;340;hilbert;3.0;2.0;680.0;hilbert;4.0;3.0;680.0;hilbert;;;;;;;;;;;;;;;;;;;;
85;2;1;344;hilbert;3.0;2.0;688.0;hilbert;4.0;3.0;688.0;hilbert;;;;;;;;;;;;;;;;;;;;
86;2;1;350;hilbert;3.0;2.0;700.0;hilbert;4.0;3.0;700.0;hilbert;;;;;;;;;;;;;;;;;;;;
87;2;1;354;hilbert;3.0;2.0;708.0;hilbert;4.0;3.0;708.0;hilbert;;;;;;;;;;;;;;;;;;;;
88;2;1;356;hilbert;3.0;2.0;712.0;hilbert;4.0;3.0;712.0;hilbert;;;;;;;;;;;;;;;;;;;;
89;2;1;360;hilbert;3.0;2.0;720.0;hilbert;4.0;3.0;720.0;hilbert;;;;;;;;;;;;;;;;;;;;
90;2;1;366;hilbert;3.0;2.0;732.0;hilbert;4.0;3.0;732.0;hilbert;;;;;;;;;;;;;;;;;;;;
91;2;1;368;hilbert;3.0;2.0;736.0;hilbert;4.0;3.0;736.0;hilbert;;;;;;;;;;;;;;;;;;;;
92;2;1;374;hilbert;3.0;2.0;748.0;hilbert;4.0;3.0;748.0;hilbert;;;;;;;;;;;;;;;;;;;;
93;2;1;378;hilbert;3.0;2.0;756.0;hilbert;4.0;3.0;756.0;hilbert;;;;;;;;;;;;;;;;;;;;
94;2;1;380;hilbert;3.0;2.0;760.0;hilbert;4.0;3.0;760.0;hilbert;;;;;;;;;;;;;;;;;;;;
95;2;1;384;hilbert;3.0;2.0;768.0;hilbert;4.0;3.0;768.0;hilbert;;;;;;;;;;;;;;;;;;;;
96;2;1;390;hilbert;3.0;2.0;780.0;hilbert;4.0;3.0;780.0;hilbert;;;;;;;;;;;;;;;;;;;;
97;2;1;394;hilbert;3.0;2.0;788.0;hilbert;4.0;3.0;788.0;hilbert;;;;;;;;;;;;;;;;;;;;
98;2;1;396;hilbert;3.0;2.0;792.0;hilbert;4.0;3.0;792.0;hilbert;;;;;;;;;;;;;;;;;;;;
99;2;1;402;hilbert;3.0;2.0;804.0;hilbert;4.0;3.0;804.0;hilbert;;;;;;;;;;;;;;;;;;;;
100;2;1;404;hilbert;3.0;2.0;808.0;hilbert;4.0;3.0;808.0;hilbert;;;;;;;;;;;;;;;;;;;;
101;2;1;408;hilbert;3.0;2.0;816.0;hilbert;4.0;3.0;816.0;hilbert;;;;;;;;;;;;;;;;;;;;
102;2;1;414;hilbert;3.0;2.0;828.0;hilbert;4.0;3.0;828.0;hilbert;;;;;;;;;;;;;;;;;;;;
103;2;1;418;hilbert;3.0;2.0;836.0;hilbert;4.0;3.0;836.0;hilbert;;;;;;;;;;;;;;;;;;;;
104;2;1;420;hilbert;3.0;2.0;840.0;hilbert;4.0;3.0;840.0;hilbert;;;;;;;;;;;;;;;;;;;;
105;2;1;424;hilbert;3.0;2.0;848.0;hilbert;4.0;3.0;848.0;hilbert;;;;;;;;;;;;;;;;;;;;
106;2;1;430;hilbert;3.0;2.0;860.0;hilbert;4.0;3.0;860.0;hilbert;;;;;;;;;;;;;;;;;;;;
107;2;1;432;hilbert;3.0;2.0;864.0;hilbert;4.0;3.0;864.0;hilbert;;;;;;;;;;;;;;;;;;;;
108;2;1;438;hilbert;3.0;2.0;876.0;hilbert;4.0;3.0;876.0;hilbert;;;;;;;;;;;;;;;;;;;;
109;2;1;442;hilbert;3.0;2.0;884.0;hilbert;4.0;3.0;884.0;hilbert;;;;;;;;;;;;;;;;;;;;
110;2;1;444;hilbert;3.0;2.0;888.0;hilbert;4.0;3.0;888.0;hilbert;;;;;;;;;;;;;;;;;;;;
111;2;1;450;hilbert;3.0;2.0;900.0;hilbert;4.0;3.0;900.0;hilbert;;;;;;;;;;;;;;;;;;;;
112;2;1;452;hilbert;3.0;2.0;904.0;hilbert;4.0;3.0;904.0;hilbert;;;;;;;;;;;;;;;;;;;;
113;2;1;456;hilbert;3.0;2.0;912.0;hilbert;4.0;3.0;912.0;hilbert;;;;;;;;;;;;;;;;;;;;
114;2;1;462;hilbert;3.0;2.0;924.0;hilbert;4.0;3.0;924.0;hilbert;;;;;;;;;;;;;;;;;;;;
115;2;1;464;hilbert;3.0;2.0;928.0;hilbert;4.0;3.0;928.0;hilbert;;;;;;;;;;;;;;;;;;;;
116;2;1;470;hilbert;3.0;2.0;940.0;hilbert;4.0;3.0;940.0;hilbert;;;;;;;;;;;;;;;;;;;;
117;2;1;474;hilbert;3.0;2.0;948.0;hilbert;4.0;3.0;948.0;hilbert;;;;;;;;;;;;;;;;;;;;
118;2;1;476;hilbert;3.0;2.0;952.0;hilbert;4.0;3.0;952.0;hilbert;;;;;;;;;;;;;;;;;;;;
119;2;1;480;hilbert;3.0;2.0;960.0;hilbert;4.0;3.0;960.0;hilbert;;;;;;;;;;;;;;;;;;;;
120;2;1;486;hilbert;3.0;2.0;972.0;hilbert;4.0;3.0;972.0;hilbert;;;;;;;;;;;;;;;;;;;;
121;2;1;490;hilbert;3.0;2.0;980.0;hilbert;4.0;3.0;980.0;hilbert;;;;;;;;;;;;;;;;;;;;
122;2;1;492;hilbert;3.0;2.0;984.0;hilbert;4.0;3.0;984.0;hilbert;;;;;;;;;;;;;;;;;;;;
123;2;1;498;hilbert;3.0;2.0;996.0;hilbert;4.0;3.0;996.0;hilbert;;;;;;;;;;;;;;;;;;;;
124;2;1;500;hilbert;;;;;;;;;;;;;;;;;;;;;;;;;;;;
125;2;1;504;hilbert;;;;;;;;;;;;;;;;;;;;;;;;;;;;
126;2;1;510;hilbert;;;;;;;;;;;;;;;;;;;;;;;;;;;;
127;2;1;514;hilbert;;;;;;;;;;;;;;;;;;;;;;;;;;;;
128;2;1;516;hilbert;;;;;;;;;;;;;;;;;;;;;;;;;;;;
129;2;1;520;hilbert;;;;;;;;;;;;;;;;;;;;;;;;;;;;
130;2;1;526;hilbert;;;;;;;;;;;;;;;;;;;;;;;;;;;;
131;2;1;528;hilbert;;;;;;;;;;;;;;;;;;;;;;;;;;;;
132;2;1;534;hilbert;;;;;;;;;;;;;;;;;;;;;;;;;;;;
133;2;1;538;hilbert;;;;;;;;;;;;;;;;;;;;;;;;;;;;
134;2;1;540;hilbert;;;;;;;;;;;;;;;;;;;;;;;;;;;;
135;2;1;544;hilbert;;;;;;;;;;;;;;;;;;;;;;;;;;;;
136;2;1;550;hilbert;;;;;;;;;;;;;;;;;;;;;;;;;;;;
137;2;1;554;hilbert;;;;;;;;;;;;;;;;;;;;;;;;;;;;
138;2;1;556;hilbert;;;;;;;;;;;;;;;;;;;;;;;;;;;;
139;2;1;562;hilbert;;;;;;;;;;;;;;;;;;;;;;;;;;;;
140;2;1;564;hilbert;;;;;;;;;;;;;;;;;;;;;;;;;;;;
141;2;1;568;hilbert;;;;;;;;;;;;;;;;;;;;;;;;;;;;
142;2;1;574;hilbert;;;;;;;;;;;;;;;;;;;;;;;;;;;;
143;2;1;576;hilbert;;;;;;;;;;;;;;;;;;;;;;;;;;;;
144;2;1;582;hilbert;;;;;;;;;;;;;;;;;;;;;;;;;;;;
145;2;1;586;hilbert;;;;;;;;;;;;;;;;;;;;;;;;;;;;
146;2;1;588;hilbert;;;;;;;;;;;;;;;;;;;;;;;;;;;;
147;2;1;594;hilbert;;;;;;;;;;;;;;;;;;;;;;;;;;;;
148;2;1;596;hilbert;;;;;;;;;;;;;;;;;;;;;;;;;;;;
149;2;1;600;hilbert;;;;;;;;;;;;;;;;;;;;;;;;;;;;
150;2;1;606;hilbert;;;;;;;;;;;;;;;;;;;;;;;;;;;;
151;2;1;610;hilbert;;;;;;;;;;;;;;;;;;;;;;;;;;;;
152;2;1;612;hilbert;;;;;;;;;;;;;;;;;;;;;;;;;;;;
153;2;1;616;hilbert;;;;;;;;;;;;;;;;;;;;;;;;;;;;
154;2;1;622;hilbert;;;;;;;;;;;;;;;;;;;;;;;;;;;;
155;2;1;624;hilbert;;;;;;;;;;;;;;;;;;;;;;;;;;;;
156;2;1;630;hilbert;;;;;;;;;;;;;;;;;;;;;;;;;;;;
157;2;1;634;hilbert;;;;;;;;;;;;;;;;;;;;;;;;;;;;
158;2;1;636;hilbert;;;;;;;;;;;;;;;;;;;;;;;;;;;;
159;2;1;640;hilbert;;;;;;;;;;;;;;;;;;;;;;;;;;;;
160;2;1;646;hilbert;;;;;;;;;;;;;;;;;;;;;;;;;;;;
161;2;1;650;hilbert;;;;;;;;;;;;;;;;;;;;;;;;;;;;
162;2;1;652;hilbert;;;;;;;;;;;;;;;;;;;;;;;;;;;;
163;2;1;658;hilbert;;;;;;;;;;;;;;;;;;;;;;;;;;;;
164;2;1;660;hilbert;;;;;;;;;;;;;;;;;;;;;;;;;;;;
165;2;1;664;hilbert;;;;;;;;;;;;;;;;;;;;;;;;;;;;
166;2;1;670;hilbert;;;;;;;;;;;;;;;;;;;;;;;;;;;;
167;2;1;674;hilbert;;;;;;;;;;;;;;;;;;;;;;;;;;;;
168;2;1;676;hilbert;;;;;;;;;;;;;;;;;;;;;;;;;;;;
169;2;1;680;hilbert;;;;;;;;;;;;;;;;;;;;;;;;;;;;
170;2;1;686;hilbert;;;;;;;;;;;;;;;;;;;;;;;;;;;;
171;2;1;688;hilbert;;;;;;;;;;;;;;;;;;;;;;;;;;;;
172;2;1;694;hilbert;;;;;;;;;;;;;;;;;;;;;;;;;;;;
173;2;1;698;hilbert;;;;;;;;;;;;;;;;;;;;;;;;;;;;
174;2;1;700;hilbert;;;;;;;;;;;;;;;;;;;;;;;;;;;;
175;2;1;706;hilbert;;;;;;;;;;;;;;;;;;;;;;;;;;;;
176;2;1;708;hilbert;;;;;;;;;;;;;;;;;;;;;;;;;;;;
177;2;1;712;hilbert;;;;;;;;;;;;;;;;;;;;;;;;;;;;
178;2;1;718;hilbert;;;;;;;;;;;;;;;;;;;;;;;;;;;;
179;2;1;720;hilbert;;;;;;;;;;;;;;;;;;;;;;;;;;;;
180;2;1;726;hilbert;;;;;;;;;;;;;;;;;;;;;;;;;;;;
181;2;1;730;hilbert;;;;;;;;;;;;;;;;;;;;;;;;;;;;
182;2;1;732;hilbert;;;;;;;;;;;;;;;;;;;;;;;;;;;;
183;2;1;736;hilbert;;;;;;;;;;;;;;;;;;;;;;;;;;;;
184;2;1;742;hilbert;;;;;;;;;;;;;;;;;;;;;;;;;;;;
185;2;1;746;hilbert;;;;;;;;;;;;;;;;;;;;;;;;;;;;
186;2;1;748;hilbert;;;;;;;;;;;;;;;;;;;;;;;;;;;;
187;2;1;754;hilbert;;;;;;;;;;;;;;;;;;;;;;;;;;;;
188;2;1;756;hilbert;;;;;;;;;;;;;;;;;;;;;;;;;;;;
189;2;1;760;hilbert;;;;;;;;;;;;;;;;;;;;;;;;;;;;
190;2;1;766;hilbert;;;;;;;;;;;;;;;;;;;;;;;;;;;;
191;2;1;768;hilbert;;;;;;;;;;;;;;;;;;;;;;;;;;;;
192;2;1;774;hilbert;;;;;;;;;;;;;;;;;;;;;;;;;;;;
193;2;1;778;hilbert;;;;;;;;;;;;;;;;;;;;;;;;;;;;
194;2;1;780;hilbert;;;;;;;;;;;;;;;;;;;;;;;;;;;;
195;2;1;786;hilbert;;;;;;;;;;;;;;;;;;;;;;;;;;;;
196;2;1;788;hilbert;;;;;;;;;;;;;;;;;;;;;;;;;;;;
197;2;1;792;hilbert;;;;;;;;;;;;;;;;;;;;;;;;;;;;
198;2;1;798;hilbert;;;;;;;;;;;;;;;;;;;;;;;;;;;;
199;2;1;802;hilbert;;;;;;;;;;;;;;;;;;;;;;;;;;;;
200;2;1;804;hilbert;;;;;;;;;;;;;;;;;;;;;;;;;;;;
201;2;1;808;hilbert;;;;;;;;;;;;;;;;;;;;;;;;;;;;
202;2;1;814;hilbert;;;;;;;;;;;;;;;;;;;;;;;;;;;;
203;2;1;816;hilbert;;;;;;;;;;;;;;;;;;;;;;;;;;;;
204;2;1;822;hilbert;;;;;;;;;;;;;;;;;;;;;;;;;;;;
205;2;1;826;hilbert;;;;;;;;;;;;;;;;;;;;;;;;;;;;
206;2;1;828;hilbert;;;;;;;;;;;;;;;;;;;;;;;;;;;;
207;2;1;834;hilbert;;;;;;;;;;;;;;;;;;;;;;;;;;;;
208;2;1;836;hilbert;;;;;;;;;;;;;;;;;;;;;;;;;;;;
209;2;1;840;hilbert;;;;;;;;;;;;;;;;;;;;;;;;;;;;
210;2;1;846;hilbert;;;;;;;;;;;;;;;;;;;;;;;;;;;;
211;2;1;848;hilbert;;;;;;;;;;;;;;;;;;;;;;;;;;;;
212;2;1;854;hilbert;;;;;;;;;;;;;;;;;;;;;;;;;;;;
213;2;1;858;hilbert;;;;;;;;;;;;;;;;;;;;;;;;;;;;
214;2;1;860;hilbert;;;;;;;;;;;;;;;;;;;;;;;;;;;;
215;2;1;864;hilbert;;;;;;;;;;;;;;;;;;;;;;;;;;;;
216;2;1;870;hilbert;;;;;;;;;;;;;;;;;;;;;;;;;;;;
217;2;1;874;hilbert;;;;;;;;;;;;;;;;;;;;;;;;;;;;
218;2;1;876;hilbert;;;;;;;;;;;;;;;;;;;;;;;;;;;;
219;2;1;882;hilbert;;;;;;;;;;;;;;;;;;;;;;;;;;;;
220;2;1;884;hilbert;;;;;;;;;;;;;;;;;;;;;;;;;;;;
221;2;1;888;hilbert;;;;;;;;;;;;;;;;;;;;;;;;;;;;
222;2;1;894;hilbert;;;;;;;;;;;;;;;;;;;;;;;;;;;;
223;2;1;898;hilbert;;;;;;;;;;;;;;;;;;;;;;;;;;;;
224;2;1;900;hilbert;;;;;;;;;;;;;;;;;;;;;;;;;;;;
225;2;1;904;hilbert;;;;;;;;;;;;;;;;;;;;;;;;;;;;
226;2;1;910;hilbert;;;;;;;;;;;;;;;;;;;;;;;;;;;;
227;2;1;912;hilbert;;;;;;;;;;;;;;;;;;;;;;;;;;;;
228;2;1;918;hilbert;;;;;;;;;;;;;;;;;;;;;;;;;;;;
229;2;1;922;hilbert;;;;;;;;;;;;;;;;;;;;;;;;;;;;
230;2;1;924;hilbert;;;;;;;;;;;;;;;;;;;;;;;;;;;;
231;2;1;928;hilbert;;;;;;;;;;;;;;;;;;;;;;;;;;;;
232;2;1;934;hilbert;;;;;;;;;;;;;;;;;;;;;;;;;;;;
233;2;1;938;hilbert;;;;;;;;;;;;;;;;;;;;;;;;;;;;
234;2;1;940;hilbert;;;;;;;;;;;;;;;;;;;;;;;;;;;;
235;2;1;946;hilbert;;;;;;;;;;;;;;;;;;;;;;;;;;;;
236;2;1;948;hilbert;;;;;;;;;;;;;;;;;;;;;;;;;;;;
237;2;1;952;hilbert;;;;;;;;;;;;;;;;;;;;;;;;;;;;
238;2;1;958;hilbert;;;;;;;;;;;;;;;;;;;;;;;;;;;;
239;2;1;960;hilbert;;;;;;;;;;;;;;;;;;;;;;;;;;;;
240;2;1;966;hilbert;;;;;;;;;;;;;;;;;;;;;;;;;;;;
241;2;1;970;hilbert;;;;;;;;;;;;;;;;;;;;;;;;;;;;
242;2;1;972;hilbert;;;;;;;;;;;;;;;;;;;;;;;;;;;;
243;2;1;978;hilbert;;;;;;;;;;;;;;;;;;;;;;;;;;;;
244;2;1;980;hilbert;;;;;;;;;;;;;;;;;;;;;;;;;;;;
245;2;1;984;hilbert;;;;;;;;;;;;;;;;;;;;;;;;;;;;
246;2;1;990;hilbert;;;;;;;;;;;;;;;;;;;;;;;;;;;;
247;2;1;994;hilbert;;;;;;;;;;;;;;;;;;;;;;;;;;;;
248;2;1;996;hilbert;;;;;;;;;;;;;;;;;;;;;;;;;;;;
