;input_max_value;df_max_value;offset;alogrithm;input_max_value;df_max_value;offset;alogrithm;input_max_value;df_max_value;offset;alogrithm;input_max_value;df_max_value;offset;alogrithm;input_max_value;df_max_value;offset;alogrithm;input_max_value;df_max_value;offset;alogrithm;input_max_value;df_max_value;offset;alogrithm;input_max_value;df_max_value;offset;alogrithm
0;2;1;1;morton;3;2;1;morton;4.0;3.0;1.0;morton;5.0;4.0;1.0;morton;6.0;5.0;1.0;morton;7.0;6.0;1.0;morton;8.0;7.0;1.0;morton;9.0;8.0;1.0;morton
1;2;1;2;morton;3;2;2;morton;4.0;3.0;2.0;morton;5.0;4.0;2.0;morton;6.0;5.0;2.0;morton;7.0;6.0;2.0;morton;8.0;7.0;2.0;morton;9.0;8.0;2.0;morton
2;2;1;3;morton;3;2;3;morton;4.0;3.0;4.0;morton;5.0;4.0;4.0;morton;6.0;5.0;4.0;morton;7.0;6.0;4.0;morton;8.0;7.0;4.0;morton;9.0;8.0;4.0;morton
3;2;1;4;morton;3;2;4;morton;4.0;3.0;5.0;morton;5.0;4.0;5.0;morton;6.0;5.0;8.0;morton;7.0;6.0;8.0;morton;8.0;7.0;8.0;morton;9.0;8.0;8.0;morton
4;2;1;5;morton;3;2;5;morton;4.0;3.0;8.0;morton;5.0;4.0;8.0;morton;6.0;5.0;9.0;morton;7.0;6.0;9.0;morton;8.0;7.0;9.0;morton;9.0;8.0;9.0;morton
5;2;1;6;morton;3;2;6;morton;4.0;3.0;9.0;morton;5.0;4.0;9.0;morton;6.0;5.0;16.0;morton;7.0;6.0;16.0;morton;8.0;7.0;16.0;morton;9.0;8.0;16.0;morton
6;2;1;7;morton;3;2;7;morton;4.0;3.0;10.0;morton;5.0;4.0;10.0;morton;6.0;5.0;17.0;morton;7.0;6.0;17.0;morton;8.0;7.0;17.0;morton;9.0;8.0;17.0;morton
7;2;1;8;morton;3;2;8;morton;4.0;3.0;16.0;morton;5.0;4.0;16.0;morton;6.0;5.0;18.0;morton;7.0;6.0;18.0;morton;8.0;7.0;18.0;morton;9.0;8.0;18.0;morton
8;2;1;9;morton;3;2;9;morton;4.0;3.0;17.0;morton;5.0;4.0;17.0;morton;6.0;5.0;32.0;morton;7.0;6.0;32.0;morton;8.0;7.0;32.0;morton;9.0;8.0;32.0;morton
9;2;1;10;morton;3;2;10;morton;4.0;3.0;18.0;morton;5.0;4.0;18.0;morton;6.0;5.0;33.0;morton;7.0;6.0;33.0;morton;8.0;7.0;33.0;morton;9.0;8.0;33.0;morton
10;2;1;11;morton;3;2;11;morton;4.0;3.0;20.0;morton;5.0;4.0;20.0;morton;6.0;5.0;34.0;morton;7.0;6.0;34.0;morton;8.0;7.0;34.0;morton;9.0;8.0;34.0;morton
11;2;1;12;morton;3;2;12;morton;4.0;3.0;21.0;morton;5.0;4.0;21.0;morton;6.0;5.0;36.0;morton;7.0;6.0;36.0;morton;8.0;7.0;36.0;morton;9.0;8.0;36.0;morton
12;2;1;13;morton;3;2;13;morton;4.0;3.0;32.0;morton;5.0;4.0;32.0;morton;6.0;5.0;64.0;morton;7.0;6.0;64.0;morton;8.0;7.0;64.0;morton;9.0;8.0;64.0;morton
13;2;1;14;morton;3;2;14;morton;4.0;3.0;33.0;morton;5.0;4.0;33.0;morton;6.0;5.0;65.0;morton;7.0;6.0;65.0;morton;8.0;7.0;65.0;morton;9.0;8.0;65.0;morton
14;2;1;15;morton;3;2;15;morton;4.0;3.0;34.0;morton;5.0;4.0;34.0;morton;6.0;5.0;66.0;morton;7.0;6.0;66.0;morton;8.0;7.0;66.0;morton;9.0;8.0;66.0;morton
15;2;1;16;morton;3;2;16;morton;4.0;3.0;36.0;morton;5.0;4.0;36.0;morton;6.0;5.0;68.0;morton;7.0;6.0;68.0;morton;8.0;7.0;68.0;morton;9.0;8.0;68.0;morton
16;2;1;17;morton;3;2;17;morton;4.0;3.0;37.0;morton;5.0;4.0;37.0;morton;6.0;5.0;72.0;morton;7.0;6.0;72.0;morton;8.0;7.0;72.0;morton;9.0;8.0;72.0;morton
17;2;1;18;morton;3;2;18;morton;4.0;3.0;40.0;morton;5.0;4.0;40.0;morton;6.0;5.0;73.0;morton;7.0;6.0;73.0;morton;8.0;7.0;73.0;morton;9.0;8.0;73.0;morton
18;2;1;19;morton;3;2;19;morton;4.0;3.0;41.0;morton;5.0;4.0;41.0;morton;6.0;5.0;128.0;morton;7.0;6.0;128.0;morton;8.0;7.0;128.0;morton;9.0;8.0;128.0;morton
19;2;1;20;morton;3;2;20;morton;4.0;3.0;42.0;morton;5.0;4.0;42.0;morton;6.0;5.0;129.0;morton;7.0;6.0;129.0;morton;8.0;7.0;129.0;morton;9.0;8.0;129.0;morton
20;2;1;21;morton;3;2;21;morton;4.0;3.0;64.0;morton;5.0;4.0;64.0;morton;6.0;5.0;130.0;morton;7.0;6.0;130.0;morton;8.0;7.0;130.0;morton;9.0;8.0;130.0;morton
21;2;1;22;morton;3;2;22;morton;4.0;3.0;65.0;morton;5.0;4.0;65.0;morton;6.0;5.0;132.0;morton;7.0;6.0;132.0;morton;8.0;7.0;132.0;morton;9.0;8.0;132.0;morton
22;2;1;23;morton;3;2;23;morton;4.0;3.0;66.0;morton;5.0;4.0;66.0;morton;6.0;5.0;136.0;morton;7.0;6.0;136.0;morton;8.0;7.0;136.0;morton;9.0;8.0;136.0;morton
23;2;1;24;morton;3;2;24;morton;4.0;3.0;68.0;morton;5.0;4.0;68.0;morton;6.0;5.0;137.0;morton;7.0;6.0;137.0;morton;8.0;7.0;137.0;morton;9.0;8.0;137.0;morton
24;2;1;25;morton;3;2;25;morton;4.0;3.0;69.0;morton;5.0;4.0;69.0;morton;6.0;5.0;144.0;morton;7.0;6.0;144.0;morton;8.0;7.0;144.0;morton;9.0;8.0;144.0;morton
25;2;1;26;morton;3;2;26;morton;4.0;3.0;72.0;morton;5.0;4.0;72.0;morton;6.0;5.0;145.0;morton;7.0;6.0;145.0;morton;8.0;7.0;145.0;morton;9.0;8.0;145.0;morton
26;2;1;27;morton;3;2;27;morton;4.0;3.0;73.0;morton;5.0;4.0;73.0;morton;6.0;5.0;146.0;morton;7.0;6.0;146.0;morton;8.0;7.0;146.0;morton;9.0;8.0;146.0;morton
27;2;1;28;morton;3;2;28;morton;4.0;3.0;74.0;morton;5.0;4.0;74.0;morton;6.0;5.0;256.0;morton;7.0;6.0;256.0;morton;8.0;7.0;256.0;morton;9.0;8.0;256.0;morton
28;2;1;29;morton;3;2;29;morton;4.0;3.0;80.0;morton;5.0;4.0;80.0;morton;6.0;5.0;257.0;morton;7.0;6.0;257.0;morton;8.0;7.0;257.0;morton;9.0;8.0;257.0;morton
29;2;1;30;morton;3;2;30;morton;4.0;3.0;81.0;morton;5.0;4.0;81.0;morton;6.0;5.0;258.0;morton;7.0;6.0;258.0;morton;8.0;7.0;258.0;morton;9.0;8.0;258.0;morton
30;2;1;31;morton;3;2;31;morton;4.0;3.0;82.0;morton;5.0;4.0;82.0;morton;6.0;5.0;260.0;morton;7.0;6.0;260.0;morton;8.0;7.0;260.0;morton;9.0;8.0;260.0;morton
31;2;1;32;morton;3;2;32;morton;4.0;3.0;84.0;morton;5.0;4.0;84.0;morton;6.0;5.0;264.0;morton;7.0;6.0;264.0;morton;8.0;7.0;264.0;morton;9.0;8.0;264.0;morton
32;2;1;33;morton;3;2;33;morton;4.0;3.0;85.0;morton;5.0;4.0;85.0;morton;6.0;5.0;265.0;morton;7.0;6.0;265.0;morton;8.0;7.0;265.0;morton;9.0;8.0;265.0;morton
33;2;1;34;morton;3;2;34;morton;4.0;3.0;128.0;morton;5.0;4.0;128.0;morton;6.0;5.0;272.0;morton;7.0;6.0;272.0;morton;8.0;7.0;272.0;morton;9.0;8.0;272.0;morton
34;2;1;35;morton;3;2;35;morton;4.0;3.0;129.0;morton;5.0;4.0;129.0;morton;6.0;5.0;273.0;morton;7.0;6.0;273.0;morton;8.0;7.0;273.0;morton;9.0;8.0;273.0;morton
35;2;1;36;morton;3;2;36;morton;4.0;3.0;130.0;morton;5.0;4.0;130.0;morton;6.0;5.0;274.0;morton;7.0;6.0;274.0;morton;8.0;7.0;274.0;morton;9.0;8.0;274.0;morton
36;2;1;37;morton;3;2;37;morton;4.0;3.0;132.0;morton;5.0;4.0;132.0;morton;6.0;5.0;288.0;morton;7.0;6.0;288.0;morton;8.0;7.0;288.0;morton;9.0;8.0;288.0;morton
37;2;1;38;morton;3;2;38;morton;4.0;3.0;133.0;morton;5.0;4.0;133.0;morton;6.0;5.0;289.0;morton;7.0;6.0;289.0;morton;8.0;7.0;289.0;morton;9.0;8.0;289.0;morton
38;2;1;39;morton;3;2;39;morton;4.0;3.0;136.0;morton;5.0;4.0;136.0;morton;6.0;5.0;290.0;morton;7.0;6.0;290.0;morton;8.0;7.0;290.0;morton;9.0;8.0;290.0;morton
39;2;1;40;morton;3;2;40;morton;4.0;3.0;137.0;morton;5.0;4.0;137.0;morton;6.0;5.0;292.0;morton;7.0;6.0;292.0;morton;8.0;7.0;292.0;morton;9.0;8.0;292.0;morton
40;2;1;41;morton;3;2;41;morton;4.0;3.0;138.0;morton;5.0;4.0;138.0;morton;6.0;5.0;512.0;morton;7.0;6.0;512.0;morton;8.0;7.0;512.0;morton;9.0;8.0;512.0;morton
41;2;1;42;morton;3;2;42;morton;4.0;3.0;144.0;morton;5.0;4.0;144.0;morton;6.0;5.0;513.0;morton;7.0;6.0;513.0;morton;8.0;7.0;513.0;morton;9.0;8.0;513.0;morton
42;2;1;43;morton;3;2;43;morton;4.0;3.0;145.0;morton;5.0;4.0;145.0;morton;6.0;5.0;514.0;morton;7.0;6.0;514.0;morton;8.0;7.0;514.0;morton;9.0;8.0;514.0;morton
43;2;1;44;morton;3;2;44;morton;4.0;3.0;146.0;morton;5.0;4.0;146.0;morton;6.0;5.0;516.0;morton;7.0;6.0;516.0;morton;8.0;7.0;516.0;morton;9.0;8.0;516.0;morton
44;2;1;45;morton;3;2;45;morton;4.0;3.0;148.0;morton;5.0;4.0;148.0;morton;6.0;5.0;520.0;morton;7.0;6.0;520.0;morton;8.0;7.0;520.0;morton;9.0;8.0;520.0;morton
45;2;1;46;morton;3;2;46;morton;4.0;3.0;149.0;morton;5.0;4.0;149.0;morton;6.0;5.0;521.0;morton;7.0;6.0;521.0;morton;8.0;7.0;521.0;morton;9.0;8.0;521.0;morton
46;2;1;47;morton;3;2;47;morton;4.0;3.0;160.0;morton;5.0;4.0;160.0;morton;6.0;5.0;528.0;morton;7.0;6.0;528.0;morton;8.0;7.0;528.0;morton;9.0;8.0;528.0;morton
47;2;1;48;morton;3;2;48;morton;4.0;3.0;161.0;morton;5.0;4.0;161.0;morton;6.0;5.0;529.0;morton;7.0;6.0;529.0;morton;8.0;7.0;529.0;morton;9.0;8.0;529.0;morton
48;2;1;49;morton;3;2;49;morton;4.0;3.0;162.0;morton;5.0;4.0;162.0;morton;6.0;5.0;530.0;morton;7.0;6.0;530.0;morton;8.0;7.0;530.0;morton;9.0;8.0;530.0;morton
49;2;1;50;morton;3;2;50;morton;4.0;3.0;164.0;morton;5.0;4.0;164.0;morton;6.0;5.0;544.0;morton;7.0;6.0;544.0;morton;8.0;7.0;544.0;morton;9.0;8.0;544.0;morton
50;2;1;51;morton;3;2;51;morton;4.0;3.0;165.0;morton;5.0;4.0;165.0;morton;6.0;5.0;545.0;morton;7.0;6.0;545.0;morton;8.0;7.0;545.0;morton;9.0;8.0;545.0;morton
51;2;1;52;morton;3;2;52;morton;4.0;3.0;168.0;morton;5.0;4.0;168.0;morton;6.0;5.0;546.0;morton;7.0;6.0;546.0;morton;8.0;7.0;546.0;morton;9.0;8.0;546.0;morton
52;2;1;53;morton;3;2;53;morton;4.0;3.0;169.0;morton;5.0;4.0;169.0;morton;6.0;5.0;548.0;morton;7.0;6.0;548.0;morton;8.0;7.0;548.0;morton;9.0;8.0;548.0;morton
53;2;1;54;morton;3;2;54;morton;4.0;3.0;170.0;morton;5.0;4.0;170.0;morton;6.0;5.0;576.0;morton;7.0;6.0;576.0;morton;8.0;7.0;576.0;morton;9.0;8.0;576.0;morton
54;2;1;55;morton;3;2;55;morton;4.0;3.0;256.0;morton;5.0;4.0;256.0;morton;6.0;5.0;577.0;morton;7.0;6.0;577.0;morton;8.0;7.0;577.0;morton;9.0;8.0;577.0;morton
55;2;1;56;morton;3;2;56;morton;4.0;3.0;257.0;morton;5.0;4.0;257.0;morton;6.0;5.0;578.0;morton;7.0;6.0;578.0;morton;8.0;7.0;578.0;morton;9.0;8.0;578.0;morton
56;2;1;57;morton;3;2;57;morton;4.0;3.0;258.0;morton;5.0;4.0;258.0;morton;6.0;5.0;580.0;morton;7.0;6.0;580.0;morton;8.0;7.0;580.0;morton;9.0;8.0;580.0;morton
57;2;1;58;morton;3;2;58;morton;4.0;3.0;260.0;morton;5.0;4.0;260.0;morton;6.0;5.0;584.0;morton;7.0;6.0;584.0;morton;8.0;7.0;584.0;morton;9.0;8.0;584.0;morton
58;2;1;59;morton;3;2;59;morton;4.0;3.0;261.0;morton;5.0;4.0;261.0;morton;6.0;5.0;585.0;morton;7.0;6.0;585.0;morton;8.0;7.0;585.0;morton;9.0;8.0;585.0;morton
59;2;1;60;morton;3;2;60;morton;4.0;3.0;264.0;morton;5.0;4.0;264.0;morton;;;;;;;;;;;;;;;;
60;2;1;61;morton;3;2;61;morton;4.0;3.0;265.0;morton;5.0;4.0;265.0;morton;;;;;;;;;;;;;;;;
61;2;1;62;morton;3;2;62;morton;4.0;3.0;266.0;morton;5.0;4.0;266.0;morton;;;;;;;;;;;;;;;;
62;2;1;63;morton;3;2;63;morton;4.0;3.0;272.0;morton;5.0;4.0;272.0;morton;;;;;;;;;;;;;;;;
63;2;1;64;morton;3;2;64;morton;4.0;3.0;273.0;morton;5.0;4.0;273.0;morton;;;;;;;;;;;;;;;;
64;2;1;65;morton;3;2;65;morton;4.0;3.0;274.0;morton;5.0;4.0;274.0;morton;;;;;;;;;;;;;;;;
65;2;1;66;morton;3;2;66;morton;4.0;3.0;276.0;morton;5.0;4.0;276.0;morton;;;;;;;;;;;;;;;;
66;2;1;67;morton;3;2;67;morton;4.0;3.0;277.0;morton;5.0;4.0;277.0;morton;;;;;;;;;;;;;;;;
67;2;1;68;morton;3;2;68;morton;4.0;3.0;288.0;morton;5.0;4.0;288.0;morton;;;;;;;;;;;;;;;;
68;2;1;69;morton;3;2;69;morton;4.0;3.0;289.0;morton;5.0;4.0;289.0;morton;;;;;;;;;;;;;;;;
69;2;1;70;morton;3;2;70;morton;4.0;3.0;290.0;morton;5.0;4.0;290.0;morton;;;;;;;;;;;;;;;;
70;2;1;71;morton;3;2;71;morton;4.0;3.0;292.0;morton;5.0;4.0;292.0;morton;;;;;;;;;;;;;;;;
71;2;1;72;morton;3;2;72;morton;4.0;3.0;293.0;morton;5.0;4.0;293.0;morton;;;;;;;;;;;;;;;;
72;2;1;73;morton;3;2;73;morton;4.0;3.0;296.0;morton;5.0;4.0;296.0;morton;;;;;;;;;;;;;;;;
73;2;1;74;morton;3;2;74;morton;4.0;3.0;297.0;morton;5.0;4.0;297.0;morton;;;;;;;;;;;;;;;;
74;2;1;75;morton;3;2;75;morton;4.0;3.0;298.0;morton;5.0;4.0;298.0;morton;;;;;;;;;;;;;;;;
75;2;1;76;morton;3;2;76;morton;4.0;3.0;320.0;morton;5.0;4.0;320.0;morton;;;;;;;;;;;;;;;;
76;2;1;77;morton;3;2;77;morton;4.0;3.0;321.0;morton;5.0;4.0;321.0;morton;;;;;;;;;;;;;;;;
77;2;1;78;morton;3;2;78;morton;4.0;3.0;322.0;morton;5.0;4.0;322.0;morton;;;;;;;;;;;;;;;;
78;2;1;79;morton;3;2;79;morton;4.0;3.0;324.0;morton;5.0;4.0;324.0;morton;;;;;;;;;;;;;;;;
79;2;1;80;morton;3;2;80;morton;4.0;3.0;325.0;morton;5.0;4.0;325.0;morton;;;;;;;;;;;;;;;;
80;2;1;81;morton;3;2;81;morton;4.0;3.0;328.0;morton;5.0;4.0;328.0;morton;;;;;;;;;;;;;;;;
81;2;1;82;morton;3;2;82;morton;4.0;3.0;329.0;morton;5.0;4.0;329.0;morton;;;;;;;;;;;;;;;;
82;2;1;83;morton;3;2;83;morton;4.0;3.0;330.0;morton;5.0;4.0;330.0;morton;;;;;;;;;;;;;;;;
83;2;1;84;morton;3;2;84;morton;4.0;3.0;336.0;morton;5.0;4.0;336.0;morton;;;;;;;;;;;;;;;;
84;2;1;85;morton;3;2;85;morton;4.0;3.0;337.0;morton;5.0;4.0;337.0;morton;;;;;;;;;;;;;;;;
85;2;1;86;morton;3;2;86;morton;4.0;3.0;338.0;morton;5.0;4.0;338.0;morton;;;;;;;;;;;;;;;;
86;2;1;87;morton;3;2;87;morton;4.0;3.0;340.0;morton;5.0;4.0;340.0;morton;;;;;;;;;;;;;;;;
87;2;1;88;morton;3;2;88;morton;4.0;3.0;341.0;morton;5.0;4.0;341.0;morton;;;;;;;;;;;;;;;;
88;2;1;89;morton;3;2;89;morton;4.0;3.0;512.0;morton;5.0;4.0;512.0;morton;;;;;;;;;;;;;;;;
89;2;1;90;morton;3;2;90;morton;4.0;3.0;513.0;morton;5.0;4.0;513.0;morton;;;;;;;;;;;;;;;;
90;2;1;91;morton;3;2;91;morton;4.0;3.0;514.0;morton;5.0;4.0;514.0;morton;;;;;;;;;;;;;;;;
91;2;1;92;morton;3;2;92;morton;4.0;3.0;516.0;morton;5.0;4.0;516.0;morton;;;;;;;;;;;;;;;;
92;2;1;93;morton;3;2;93;morton;4.0;3.0;517.0;morton;5.0;4.0;517.0;morton;;;;;;;;;;;;;;;;
93;2;1;94;morton;3;2;94;morton;4.0;3.0;520.0;morton;5.0;4.0;520.0;morton;;;;;;;;;;;;;;;;
94;2;1;95;morton;3;2;95;morton;4.0;3.0;521.0;morton;5.0;4.0;521.0;morton;;;;;;;;;;;;;;;;
95;2;1;96;morton;3;2;96;morton;4.0;3.0;522.0;morton;5.0;4.0;522.0;morton;;;;;;;;;;;;;;;;
96;2;1;97;morton;3;2;97;morton;4.0;3.0;528.0;morton;5.0;4.0;528.0;morton;;;;;;;;;;;;;;;;
97;2;1;98;morton;3;2;98;morton;4.0;3.0;529.0;morton;5.0;4.0;529.0;morton;;;;;;;;;;;;;;;;
98;2;1;99;morton;3;2;99;morton;4.0;3.0;530.0;morton;5.0;4.0;530.0;morton;;;;;;;;;;;;;;;;
99;2;1;100;morton;3;2;100;morton;4.0;3.0;532.0;morton;5.0;4.0;532.0;morton;;;;;;;;;;;;;;;;
100;2;1;101;morton;3;2;101;morton;4.0;3.0;533.0;morton;5.0;4.0;533.0;morton;;;;;;;;;;;;;;;;
101;2;1;102;morton;3;2;102;morton;4.0;3.0;544.0;morton;5.0;4.0;544.0;morton;;;;;;;;;;;;;;;;
102;2;1;103;morton;3;2;103;morton;4.0;3.0;545.0;morton;5.0;4.0;545.0;morton;;;;;;;;;;;;;;;;
103;2;1;104;morton;3;2;104;morton;4.0;3.0;546.0;morton;5.0;4.0;546.0;morton;;;;;;;;;;;;;;;;
104;2;1;105;morton;3;2;105;morton;4.0;3.0;548.0;morton;5.0;4.0;548.0;morton;;;;;;;;;;;;;;;;
105;2;1;106;morton;3;2;106;morton;4.0;3.0;549.0;morton;5.0;4.0;549.0;morton;;;;;;;;;;;;;;;;
106;2;1;107;morton;3;2;107;morton;4.0;3.0;552.0;morton;5.0;4.0;552.0;morton;;;;;;;;;;;;;;;;
107;2;1;108;morton;3;2;108;morton;4.0;3.0;553.0;morton;5.0;4.0;553.0;morton;;;;;;;;;;;;;;;;
108;2;1;109;morton;3;2;109;morton;4.0;3.0;554.0;morton;5.0;4.0;554.0;morton;;;;;;;;;;;;;;;;
109;2;1;110;morton;3;2;110;morton;4.0;3.0;576.0;morton;5.0;4.0;576.0;morton;;;;;;;;;;;;;;;;
110;2;1;111;morton;3;2;111;morton;4.0;3.0;577.0;morton;5.0;4.0;577.0;morton;;;;;;;;;;;;;;;;
111;2;1;112;morton;3;2;112;morton;4.0;3.0;578.0;morton;5.0;4.0;578.0;morton;;;;;;;;;;;;;;;;
112;2;1;113;morton;3;2;113;morton;4.0;3.0;580.0;morton;5.0;4.0;580.0;morton;;;;;;;;;;;;;;;;
113;2;1;114;morton;3;2;114;morton;4.0;3.0;581.0;morton;5.0;4.0;581.0;morton;;;;;;;;;;;;;;;;
114;2;1;115;morton;3;2;115;morton;4.0;3.0;584.0;morton;5.0;4.0;584.0;morton;;;;;;;;;;;;;;;;
115;2;1;116;morton;3;2;116;morton;4.0;3.0;585.0;morton;5.0;4.0;585.0;morton;;;;;;;;;;;;;;;;
116;2;1;117;morton;3;2;117;morton;4.0;3.0;586.0;morton;5.0;4.0;586.0;morton;;;;;;;;;;;;;;;;
117;2;1;118;morton;3;2;118;morton;4.0;3.0;592.0;morton;5.0;4.0;592.0;morton;;;;;;;;;;;;;;;;
118;2;1;119;morton;3;2;119;morton;4.0;3.0;593.0;morton;5.0;4.0;593.0;morton;;;;;;;;;;;;;;;;
119;2;1;120;morton;3;2;120;morton;4.0;3.0;594.0;morton;5.0;4.0;594.0;morton;;;;;;;;;;;;;;;;
120;2;1;121;morton;3;2;121;morton;4.0;3.0;596.0;morton;5.0;4.0;596.0;morton;;;;;;;;;;;;;;;;
121;2;1;122;morton;3;2;122;morton;4.0;3.0;597.0;morton;5.0;4.0;597.0;morton;;;;;;;;;;;;;;;;
122;2;1;123;morton;3;2;123;morton;4.0;3.0;640.0;morton;5.0;4.0;640.0;morton;;;;;;;;;;;;;;;;
123;2;1;124;morton;3;2;124;morton;4.0;3.0;641.0;morton;5.0;4.0;641.0;morton;;;;;;;;;;;;;;;;
124;2;1;125;morton;3;2;125;morton;4.0;3.0;642.0;morton;5.0;4.0;642.0;morton;;;;;;;;;;;;;;;;
125;2;1;126;morton;3;2;126;morton;4.0;3.0;644.0;morton;5.0;4.0;644.0;morton;;;;;;;;;;;;;;;;
126;2;1;127;morton;3;2;127;morton;4.0;3.0;645.0;morton;5.0;4.0;645.0;morton;;;;;;;;;;;;;;;;
127;2;1;128;morton;3;2;128;morton;4.0;3.0;648.0;morton;5.0;4.0;648.0;morton;;;;;;;;;;;;;;;;
128;2;1;129;morton;3;2;129;morton;4.0;3.0;649.0;morton;5.0;4.0;649.0;morton;;;;;;;;;;;;;;;;
129;2;1;130;morton;3;2;130;morton;4.0;3.0;650.0;morton;5.0;4.0;650.0;morton;;;;;;;;;;;;;;;;
130;2;1;131;morton;3;2;131;morton;4.0;3.0;656.0;morton;5.0;4.0;656.0;morton;;;;;;;;;;;;;;;;
131;2;1;132;morton;3;2;132;morton;4.0;3.0;657.0;morton;5.0;4.0;657.0;morton;;;;;;;;;;;;;;;;
132;2;1;133;morton;3;2;133;morton;4.0;3.0;658.0;morton;5.0;4.0;658.0;morton;;;;;;;;;;;;;;;;
133;2;1;134;morton;3;2;134;morton;4.0;3.0;660.0;morton;5.0;4.0;660.0;morton;;;;;;;;;;;;;;;;
134;2;1;135;morton;3;2;135;morton;4.0;3.0;661.0;morton;5.0;4.0;661.0;morton;;;;;;;;;;;;;;;;
135;2;1;136;morton;3;2;136;morton;4.0;3.0;672.0;morton;5.0;4.0;672.0;morton;;;;;;;;;;;;;;;;
136;2;1;137;morton;3;2;137;morton;4.0;3.0;673.0;morton;5.0;4.0;673.0;morton;;;;;;;;;;;;;;;;
137;2;1;138;morton;3;2;138;morton;4.0;3.0;674.0;morton;5.0;4.0;674.0;morton;;;;;;;;;;;;;;;;
138;2;1;139;morton;3;2;139;morton;4.0;3.0;676.0;morton;5.0;4.0;676.0;morton;;;;;;;;;;;;;;;;
139;2;1;140;morton;3;2;140;morton;4.0;3.0;677.0;morton;5.0;4.0;677.0;morton;;;;;;;;;;;;;;;;
140;2;1;141;morton;3;2;141;morton;4.0;3.0;680.0;morton;5.0;4.0;680.0;morton;;;;;;;;;;;;;;;;
141;2;1;142;morton;3;2;142;morton;4.0;3.0;681.0;morton;5.0;4.0;681.0;morton;;;;;;;;;;;;;;;;
142;2;1;143;morton;3;2;143;morton;4.0;3.0;682.0;morton;5.0;4.0;682.0;morton;;;;;;;;;;;;;;;;
143;2;1;144;morton;3;2;144;morton;;;;;;;;;;;;;;;;;;;;;;;;
144;2;1;145;morton;3;2;145;morton;;;;;;;;;;;;;;;;;;;;;;;;
145;2;1;146;morton;3;2;146;morton;;;;;;;;;;;;;;;;;;;;;;;;
146;2;1;147;morton;3;2;147;morton;;;;;;;;;;;;;;;;;;;;;;;;
147;2;1;148;morton;3;2;148;morton;;;;;;;;;;;;;;;;;;;;;;;;
148;2;1;149;morton;3;2;149;morton;;;;;;;;;;;;;;;;;;;;;;;;
149;2;1;150;morton;3;2;150;morton;;;;;;;;;;;;;;;;;;;;;;;;
150;2;1;151;morton;3;2;151;morton;;;;;;;;;;;;;;;;;;;;;;;;
151;2;1;152;morton;3;2;152;morton;;;;;;;;;;;;;;;;;;;;;;;;
152;2;1;153;morton;3;2;153;morton;;;;;;;;;;;;;;;;;;;;;;;;
153;2;1;154;morton;3;2;154;morton;;;;;;;;;;;;;;;;;;;;;;;;
154;2;1;155;morton;3;2;155;morton;;;;;;;;;;;;;;;;;;;;;;;;
155;2;1;156;morton;3;2;156;morton;;;;;;;;;;;;;;;;;;;;;;;;
156;2;1;157;morton;3;2;157;morton;;;;;;;;;;;;;;;;;;;;;;;;
157;2;1;158;morton;3;2;158;morton;;;;;;;;;;;;;;;;;;;;;;;;
158;2;1;159;morton;3;2;159;morton;;;;;;;;;;;;;;;;;;;;;;;;
159;2;1;160;morton;3;2;160;morton;;;;;;;;;;;;;;;;;;;;;;;;
160;2;1;161;morton;3;2;161;morton;;;;;;;;;;;;;;;;;;;;;;;;
161;2;1;162;morton;3;2;162;morton;;;;;;;;;;;;;;;;;;;;;;;;
162;2;1;163;morton;3;2;163;morton;;;;;;;;;;;;;;;;;;;;;;;;
163;2;1;164;morton;3;2;164;morton;;;;;;;;;;;;;;;;;;;;;;;;
164;2;1;165;morton;3;2;165;morton;;;;;;;;;;;;;;;;;;;;;;;;
165;2;1;166;morton;3;2;166;morton;;;;;;;;;;;;;;;;;;;;;;;;
166;2;1;167;morton;3;2;167;morton;;;;;;;;;;;;;;;;;;;;;;;;
167;2;1;168;morton;3;2;168;morton;;;;;;;;;;;;;;;;;;;;;;;;
168;2;1;169;morton;3;2;169;morton;;;;;;;;;;;;;;;;;;;;;;;;
169;2;1;170;morton;3;2;170;morton;;;;;;;;;;;;;;;;;;;;;;;;
170;2;1;171;morton;3;2;171;morton;;;;;;;;;;;;;;;;;;;;;;;;
171;2;1;172;morton;3;2;172;morton;;;;;;;;;;;;;;;;;;;;;;;;
172;2;1;173;morton;3;2;173;morton;;;;;;;;;;;;;;;;;;;;;;;;
173;2;1;174;morton;3;2;174;morton;;;;;;;;;;;;;;;;;;;;;;;;
174;2;1;175;morton;3;2;175;morton;;;;;;;;;;;;;;;;;;;;;;;;
175;2;1;176;morton;3;2;176;morton;;;;;;;;;;;;;;;;;;;;;;;;
176;2;1;177;morton;3;2;177;morton;;;;;;;;;;;;;;;;;;;;;;;;
177;2;1;178;morton;3;2;178;morton;;;;;;;;;;;;;;;;;;;;;;;;
178;2;1;179;morton;3;2;179;morton;;;;;;;;;;;;;;;;;;;;;;;;
179;2;1;180;morton;3;2;180;morton;;;;;;;;;;;;;;;;;;;;;;;;
180;2;1;181;morton;3;2;181;morton;;;;;;;;;;;;;;;;;;;;;;;;
181;2;1;182;morton;3;2;182;morton;;;;;;;;;;;;;;;;;;;;;;;;
182;2;1;183;morton;3;2;183;morton;;;;;;;;;;;;;;;;;;;;;;;;
183;2;1;184;morton;3;2;184;morton;;;;;;;;;;;;;;;;;;;;;;;;
184;2;1;185;morton;3;2;185;morton;;;;;;;;;;;;;;;;;;;;;;;;
185;2;1;186;morton;3;2;186;morton;;;;;;;;;;;;;;;;;;;;;;;;
186;2;1;187;morton;3;2;187;morton;;;;;;;;;;;;;;;;;;;;;;;;
187;2;1;188;morton;3;2;188;morton;;;;;;;;;;;;;;;;;;;;;;;;
188;2;1;189;morton;3;2;189;morton;;;;;;;;;;;;;;;;;;;;;;;;
189;2;1;190;morton;3;2;190;morton;;;;;;;;;;;;;;;;;;;;;;;;
190;2;1;191;morton;3;2;191;morton;;;;;;;;;;;;;;;;;;;;;;;;
191;2;1;192;morton;3;2;192;morton;;;;;;;;;;;;;;;;;;;;;;;;
192;2;1;193;morton;3;2;193;morton;;;;;;;;;;;;;;;;;;;;;;;;
193;2;1;194;morton;3;2;194;morton;;;;;;;;;;;;;;;;;;;;;;;;
194;2;1;195;morton;3;2;195;morton;;;;;;;;;;;;;;;;;;;;;;;;
195;2;1;196;morton;3;2;196;morton;;;;;;;;;;;;;;;;;;;;;;;;
196;2;1;197;morton;3;2;197;morton;;;;;;;;;;;;;;;;;;;;;;;;
197;2;1;198;morton;3;2;198;morton;;;;;;;;;;;;;;;;;;;;;;;;
198;2;1;199;morton;3;2;199;morton;;;;;;;;;;;;;;;;;;;;;;;;
199;2;1;200;morton;3;2;200;morton;;;;;;;;;;;;;;;;;;;;;;;;
200;2;1;201;morton;3;2;201;morton;;;;;;;;;;;;;;;;;;;;;;;;
201;2;1;202;morton;3;2;202;morton;;;;;;;;;;;;;;;;;;;;;;;;
202;2;1;203;morton;3;2;203;morton;;;;;;;;;;;;;;;;;;;;;;;;
203;2;1;204;morton;3;2;204;morton;;;;;;;;;;;;;;;;;;;;;;;;
204;2;1;205;morton;3;2;205;morton;;;;;;;;;;;;;;;;;;;;;;;;
205;2;1;206;morton;3;2;206;morton;;;;;;;;;;;;;;;;;;;;;;;;
206;2;1;207;morton;3;2;207;morton;;;;;;;;;;;;;;;;;;;;;;;;
207;2;1;208;morton;3;2;208;morton;;;;;;;;;;;;;;;;;;;;;;;;
208;2;1;209;morton;3;2;209;morton;;;;;;;;;;;;;;;;;;;;;;;;
209;2;1;210;morton;3;2;210;morton;;;;;;;;;;;;;;;;;;;;;;;;
210;2;1;211;morton;3;2;211;morton;;;;;;;;;;;;;;;;;;;;;;;;
211;2;1;212;morton;3;2;212;morton;;;;;;;;;;;;;;;;;;;;;;;;
212;2;1;213;morton;3;2;213;morton;;;;;;;;;;;;;;;;;;;;;;;;
213;2;1;214;morton;3;2;214;morton;;;;;;;;;;;;;;;;;;;;;;;;
214;2;1;215;morton;3;2;215;morton;;;;;;;;;;;;;;;;;;;;;;;;
215;2;1;216;morton;3;2;216;morton;;;;;;;;;;;;;;;;;;;;;;;;
216;2;1;217;morton;3;2;217;morton;;;;;;;;;;;;;;;;;;;;;;;;
217;2;1;218;morton;3;2;218;morton;;;;;;;;;;;;;;;;;;;;;;;;
218;2;1;219;morton;3;2;219;morton;;;;;;;;;;;;;;;;;;;;;;;;
219;2;1;220;morton;3;2;220;morton;;;;;;;;;;;;;;;;;;;;;;;;
220;2;1;221;morton;3;2;221;morton;;;;;;;;;;;;;;;;;;;;;;;;
221;2;1;222;morton;3;2;222;morton;;;;;;;;;;;;;;;;;;;;;;;;
222;2;1;223;morton;3;2;223;morton;;;;;;;;;;;;;;;;;;;;;;;;
223;2;1;224;morton;3;2;224;morton;;;;;;;;;;;;;;;;;;;;;;;;
224;2;1;225;morton;3;2;225;morton;;;;;;;;;;;;;;;;;;;;;;;;
225;2;1;226;morton;3;2;226;morton;;;;;;;;;;;;;;;;;;;;;;;;
226;2;1;227;morton;3;2;227;morton;;;;;;;;;;;;;;;;;;;;;;;;
227;2;1;228;morton;3;2;228;morton;;;;;;;;;;;;;;;;;;;;;;;;
228;2;1;229;morton;3;2;229;morton;;;;;;;;;;;;;;;;;;;;;;;;
229;2;1;230;morton;3;2;230;morton;;;;;;;;;;;;;;;;;;;;;;;;
230;2;1;231;morton;3;2;231;morton;;;;;;;;;;;;;;;;;;;;;;;;
231;2;1;232;morton;3;2;232;morton;;;;;;;;;;;;;;;;;;;;;;;;
232;2;1;233;morton;3;2;233;morton;;;;;;;;;;;;;;;;;;;;;;;;
233;2;1;234;morton;3;2;234;morton;;;;;;;;;;;;;;;;;;;;;;;;
234;2;1;235;morton;3;2;235;morton;;;;;;;;;;;;;;;;;;;;;;;;
235;2;1;236;morton;3;2;236;morton;;;;;;;;;;;;;;;;;;;;;;;;
236;2;1;237;morton;3;2;237;morton;;;;;;;;;;;;;;;;;;;;;;;;
237;2;1;238;morton;3;2;238;morton;;;;;;;;;;;;;;;;;;;;;;;;
238;2;1;239;morton;3;2;239;morton;;;;;;;;;;;;;;;;;;;;;;;;
239;2;1;240;morton;3;2;240;morton;;;;;;;;;;;;;;;;;;;;;;;;
240;2;1;241;morton;3;2;241;morton;;;;;;;;;;;;;;;;;;;;;;;;
241;2;1;242;morton;3;2;242;morton;;;;;;;;;;;;;;;;;;;;;;;;
242;2;1;243;morton;3;2;243;morton;;;;;;;;;;;;;;;;;;;;;;;;
243;2;1;244;morton;3;2;244;morton;;;;;;;;;;;;;;;;;;;;;;;;
244;2;1;245;morton;3;2;245;morton;;;;;;;;;;;;;;;;;;;;;;;;
245;2;1;246;morton;3;2;246;morton;;;;;;;;;;;;;;;;;;;;;;;;
246;2;1;247;morton;3;2;247;morton;;;;;;;;;;;;;;;;;;;;;;;;
247;2;1;248;morton;3;2;248;morton;;;;;;;;;;;;;;;;;;;;;;;;
248;2;1;249;morton;3;2;249;morton;;;;;;;;;;;;;;;;;;;;;;;;
249;2;1;250;morton;3;2;250;morton;;;;;;;;;;;;;;;;;;;;;;;;
250;2;1;251;morton;3;2;251;morton;;;;;;;;;;;;;;;;;;;;;;;;
251;2;1;252;morton;3;2;252;morton;;;;;;;;;;;;;;;;;;;;;;;;
252;2;1;253;morton;3;2;253;morton;;;;;;;;;;;;;;;;;;;;;;;;
253;2;1;254;morton;3;2;254;morton;;;;;;;;;;;;;;;;;;;;;;;;
254;2;1;255;morton;3;2;255;morton;;;;;;;;;;;;;;;;;;;;;;;;
255;2;1;256;morton;3;2;256;morton;;;;;;;;;;;;;;;;;;;;;;;;
256;2;1;257;morton;3;2;257;morton;;;;;;;;;;;;;;;;;;;;;;;;
257;2;1;258;morton;3;2;258;morton;;;;;;;;;;;;;;;;;;;;;;;;
258;2;1;259;morton;3;2;259;morton;;;;;;;;;;;;;;;;;;;;;;;;
259;2;1;260;morton;3;2;260;morton;;;;;;;;;;;;;;;;;;;;;;;;
260;2;1;261;morton;3;2;261;morton;;;;;;;;;;;;;;;;;;;;;;;;
261;2;1;262;morton;3;2;262;morton;;;;;;;;;;;;;;;;;;;;;;;;
262;2;1;263;morton;3;2;263;morton;;;;;;;;;;;;;;;;;;;;;;;;
263;2;1;264;morton;3;2;264;morton;;;;;;;;;;;;;;;;;;;;;;;;
264;2;1;265;morton;3;2;265;morton;;;;;;;;;;;;;;;;;;;;;;;;
265;2;1;266;morton;3;2;266;morton;;;;;;;;;;;;;;;;;;;;;;;;
266;2;1;267;morton;3;2;267;morton;;;;;;;;;;;;;;;;;;;;;;;;
267;2;1;268;morton;3;2;268;morton;;;;;;;;;;;;;;;;;;;;;;;;
268;2;1;269;morton;3;2;269;morton;;;;;;;;;;;;;;;;;;;;;;;;
269;2;1;270;morton;3;2;270;morton;;;;;;;;;;;;;;;;;;;;;;;;
270;2;1;271;morton;3;2;271;morton;;;;;;;;;;;;;;;;;;;;;;;;
271;2;1;272;morton;3;2;272;morton;;;;;;;;;;;;;;;;;;;;;;;;
272;2;1;273;morton;3;2;273;morton;;;;;;;;;;;;;;;;;;;;;;;;
273;2;1;274;morton;3;2;274;morton;;;;;;;;;;;;;;;;;;;;;;;;
274;2;1;275;morton;3;2;275;morton;;;;;;;;;;;;;;;;;;;;;;;;
275;2;1;276;morton;3;2;276;morton;;;;;;;;;;;;;;;;;;;;;;;;
276;2;1;277;morton;3;2;277;morton;;;;;;;;;;;;;;;;;;;;;;;;
277;2;1;278;morton;3;2;278;morton;;;;;;;;;;;;;;;;;;;;;;;;
278;2;1;279;morton;3;2;279;morton;;;;;;;;;;;;;;;;;;;;;;;;
279;2;1;280;morton;3;2;280;morton;;;;;;;;;;;;;;;;;;;;;;;;
280;2;1;281;morton;3;2;281;morton;;;;;;;;;;;;;;;;;;;;;;;;
281;2;1;282;morton;3;2;282;morton;;;;;;;;;;;;;;;;;;;;;;;;
282;2;1;283;morton;3;2;283;morton;;;;;;;;;;;;;;;;;;;;;;;;
283;2;1;284;morton;3;2;284;morton;;;;;;;;;;;;;;;;;;;;;;;;
284;2;1;285;morton;3;2;285;morton;;;;;;;;;;;;;;;;;;;;;;;;
285;2;1;286;morton;3;2;286;morton;;;;;;;;;;;;;;;;;;;;;;;;
286;2;1;287;morton;3;2;287;morton;;;;;;;;;;;;;;;;;;;;;;;;
287;2;1;288;morton;3;2;288;morton;;;;;;;;;;;;;;;;;;;;;;;;
288;2;1;289;morton;3;2;289;morton;;;;;;;;;;;;;;;;;;;;;;;;
289;2;1;290;morton;3;2;290;morton;;;;;;;;;;;;;;;;;;;;;;;;
290;2;1;291;morton;3;2;291;morton;;;;;;;;;;;;;;;;;;;;;;;;
291;2;1;292;morton;3;2;292;morton;;;;;;;;;;;;;;;;;;;;;;;;
292;2;1;293;morton;3;2;293;morton;;;;;;;;;;;;;;;;;;;;;;;;
293;2;1;294;morton;3;2;294;morton;;;;;;;;;;;;;;;;;;;;;;;;
294;2;1;295;morton;3;2;295;morton;;;;;;;;;;;;;;;;;;;;;;;;
295;2;1;296;morton;3;2;296;morton;;;;;;;;;;;;;;;;;;;;;;;;
296;2;1;297;morton;3;2;297;morton;;;;;;;;;;;;;;;;;;;;;;;;
297;2;1;298;morton;3;2;298;morton;;;;;;;;;;;;;;;;;;;;;;;;
298;2;1;299;morton;3;2;299;morton;;;;;;;;;;;;;;;;;;;;;;;;
299;2;1;300;morton;3;2;300;morton;;;;;;;;;;;;;;;;;;;;;;;;
300;2;1;301;morton;3;2;301;morton;;;;;;;;;;;;;;;;;;;;;;;;
301;2;1;302;morton;3;2;302;morton;;;;;;;;;;;;;;;;;;;;;;;;
302;2;1;303;morton;3;2;303;morton;;;;;;;;;;;;;;;;;;;;;;;;
303;2;1;304;morton;3;2;304;morton;;;;;;;;;;;;;;;;;;;;;;;;
304;2;1;305;morton;3;2;305;morton;;;;;;;;;;;;;;;;;;;;;;;;
305;2;1;306;morton;3;2;306;morton;;;;;;;;;;;;;;;;;;;;;;;;
306;2;1;307;morton;3;2;307;morton;;;;;;;;;;;;;;;;;;;;;;;;
307;2;1;308;morton;3;2;308;morton;;;;;;;;;;;;;;;;;;;;;;;;
308;2;1;309;morton;3;2;309;morton;;;;;;;;;;;;;;;;;;;;;;;;
309;2;1;310;morton;3;2;310;morton;;;;;;;;;;;;;;;;;;;;;;;;
310;2;1;311;morton;3;2;311;morton;;;;;;;;;;;;;;;;;;;;;;;;
311;2;1;312;morton;3;2;312;morton;;;;;;;;;;;;;;;;;;;;;;;;
312;2;1;313;morton;3;2;313;morton;;;;;;;;;;;;;;;;;;;;;;;;
313;2;1;314;morton;3;2;314;morton;;;;;;;;;;;;;;;;;;;;;;;;
314;2;1;315;morton;3;2;315;morton;;;;;;;;;;;;;;;;;;;;;;;;
315;2;1;316;morton;3;2;316;morton;;;;;;;;;;;;;;;;;;;;;;;;
316;2;1;317;morton;3;2;317;morton;;;;;;;;;;;;;;;;;;;;;;;;
317;2;1;318;morton;3;2;318;morton;;;;;;;;;;;;;;;;;;;;;;;;
318;2;1;319;morton;3;2;319;morton;;;;;;;;;;;;;;;;;;;;;;;;
319;2;1;320;morton;3;2;320;morton;;;;;;;;;;;;;;;;;;;;;;;;
320;2;1;321;morton;3;2;321;morton;;;;;;;;;;;;;;;;;;;;;;;;
321;2;1;322;morton;3;2;322;morton;;;;;;;;;;;;;;;;;;;;;;;;
322;2;1;323;morton;3;2;323;morton;;;;;;;;;;;;;;;;;;;;;;;;
323;2;1;324;morton;3;2;324;morton;;;;;;;;;;;;;;;;;;;;;;;;
324;2;1;325;morton;3;2;325;morton;;;;;;;;;;;;;;;;;;;;;;;;
325;2;1;326;morton;3;2;326;morton;;;;;;;;;;;;;;;;;;;;;;;;
326;2;1;327;morton;3;2;327;morton;;;;;;;;;;;;;;;;;;;;;;;;
327;2;1;328;morton;3;2;328;morton;;;;;;;;;;;;;;;;;;;;;;;;
328;2;1;329;morton;3;2;329;morton;;;;;;;;;;;;;;;;;;;;;;;;
329;2;1;330;morton;3;2;330;morton;;;;;;;;;;;;;;;;;;;;;;;;
330;2;1;331;morton;3;2;331;morton;;;;;;;;;;;;;;;;;;;;;;;;
331;2;1;332;morton;3;2;332;morton;;;;;;;;;;;;;;;;;;;;;;;;
332;2;1;333;morton;3;2;333;morton;;;;;;;;;;;;;;;;;;;;;;;;
333;2;1;334;morton;3;2;334;morton;;;;;;;;;;;;;;;;;;;;;;;;
334;2;1;335;morton;3;2;335;morton;;;;;;;;;;;;;;;;;;;;;;;;
335;2;1;336;morton;3;2;336;morton;;;;;;;;;;;;;;;;;;;;;;;;
336;2;1;337;morton;3;2;337;morton;;;;;;;;;;;;;;;;;;;;;;;;
337;2;1;338;morton;3;2;338;morton;;;;;;;;;;;;;;;;;;;;;;;;
338;2;1;339;morton;3;2;339;morton;;;;;;;;;;;;;;;;;;;;;;;;
339;2;1;340;morton;3;2;340;morton;;;;;;;;;;;;;;;;;;;;;;;;
340;2;1;341;morton;3;2;341;morton;;;;;;;;;;;;;;;;;;;;;;;;
341;2;1;342;morton;3;2;342;morton;;;;;;;;;;;;;;;;;;;;;;;;
342;2;1;343;morton;3;2;343;morton;;;;;;;;;;;;;;;;;;;;;;;;
343;2;1;344;morton;3;2;344;morton;;;;;;;;;;;;;;;;;;;;;;;;
344;2;1;345;morton;3;2;345;morton;;;;;;;;;;;;;;;;;;;;;;;;
345;2;1;346;morton;3;2;346;morton;;;;;;;;;;;;;;;;;;;;;;;;
346;2;1;347;morton;3;2;347;morton;;;;;;;;;;;;;;;;;;;;;;;;
347;2;1;348;morton;3;2;348;morton;;;;;;;;;;;;;;;;;;;;;;;;
348;2;1;349;morton;3;2;349;morton;;;;;;;;;;;;;;;;;;;;;;;;
349;2;1;350;morton;3;2;350;morton;;;;;;;;;;;;;;;;;;;;;;;;
350;2;1;351;morton;3;2;351;morton;;;;;;;;;;;;;;;;;;;;;;;;
351;2;1;352;morton;3;2;352;morton;;;;;;;;;;;;;;;;;;;;;;;;
352;2;1;353;morton;3;2;353;morton;;;;;;;;;;;;;;;;;;;;;;;;
353;2;1;354;morton;3;2;354;morton;;;;;;;;;;;;;;;;;;;;;;;;
354;2;1;355;morton;3;2;355;morton;;;;;;;;;;;;;;;;;;;;;;;;
355;2;1;356;morton;3;2;356;morton;;;;;;;;;;;;;;;;;;;;;;;;
356;2;1;357;morton;3;2;357;morton;;;;;;;;;;;;;;;;;;;;;;;;
357;2;1;358;morton;3;2;358;morton;;;;;;;;;;;;;;;;;;;;;;;;
358;2;1;359;morton;3;2;359;morton;;;;;;;;;;;;;;;;;;;;;;;;
359;2;1;360;morton;3;2;360;morton;;;;;;;;;;;;;;;;;;;;;;;;
360;2;1;361;morton;3;2;361;morton;;;;;;;;;;;;;;;;;;;;;;;;
361;2;1;362;morton;3;2;362;morton;;;;;;;;;;;;;;;;;;;;;;;;
362;2;1;363;morton;3;2;363;morton;;;;;;;;;;;;;;;;;;;;;;;;
363;2;1;364;morton;3;2;364;morton;;;;;;;;;;;;;;;;;;;;;;;;
364;2;1;365;morton;3;2;365;morton;;;;;;;;;;;;;;;;;;;;;;;;
365;2;1;366;morton;3;2;366;morton;;;;;;;;;;;;;;;;;;;;;;;;
366;2;1;367;morton;3;2;367;morton;;;;;;;;;;;;;;;;;;;;;;;;
367;2;1;368;morton;3;2;368;morton;;;;;;;;;;;;;;;;;;;;;;;;
368;2;1;369;morton;3;2;369;morton;;;;;;;;;;;;;;;;;;;;;;;;
369;2;1;370;morton;3;2;370;morton;;;;;;;;;;;;;;;;;;;;;;;;
370;2;1;371;morton;3;2;371;morton;;;;;;;;;;;;;;;;;;;;;;;;
371;2;1;372;morton;3;2;372;morton;;;;;;;;;;;;;;;;;;;;;;;;
372;2;1;373;morton;3;2;373;morton;;;;;;;;;;;;;;;;;;;;;;;;
373;2;1;374;morton;3;2;374;morton;;;;;;;;;;;;;;;;;;;;;;;;
374;2;1;375;morton;3;2;375;morton;;;;;;;;;;;;;;;;;;;;;;;;
375;2;1;376;morton;3;2;376;morton;;;;;;;;;;;;;;;;;;;;;;;;
376;2;1;377;morton;3;2;377;morton;;;;;;;;;;;;;;;;;;;;;;;;
377;2;1;378;morton;3;2;378;morton;;;;;;;;;;;;;;;;;;;;;;;;
378;2;1;379;morton;3;2;379;morton;;;;;;;;;;;;;;;;;;;;;;;;
379;2;1;380;morton;3;2;380;morton;;;;;;;;;;;;;;;;;;;;;;;;
380;2;1;381;morton;3;2;381;morton;;;;;;;;;;;;;;;;;;;;;;;;
381;2;1;382;morton;3;2;382;morton;;;;;;;;;;;;;;;;;;;;;;;;
382;2;1;383;morton;3;2;383;morton;;;;;;;;;;;;;;;;;;;;;;;;
383;2;1;384;morton;3;2;384;morton;;;;;;;;;;;;;;;;;;;;;;;;
384;2;1;385;morton;3;2;385;morton;;;;;;;;;;;;;;;;;;;;;;;;
385;2;1;386;morton;3;2;386;morton;;;;;;;;;;;;;;;;;;;;;;;;
386;2;1;387;morton;3;2;387;morton;;;;;;;;;;;;;;;;;;;;;;;;
387;2;1;388;morton;3;2;388;morton;;;;;;;;;;;;;;;;;;;;;;;;
388;2;1;389;morton;3;2;389;morton;;;;;;;;;;;;;;;;;;;;;;;;
389;2;1;390;morton;3;2;390;morton;;;;;;;;;;;;;;;;;;;;;;;;
390;2;1;391;morton;3;2;391;morton;;;;;;;;;;;;;;;;;;;;;;;;
391;2;1;392;morton;3;2;392;morton;;;;;;;;;;;;;;;;;;;;;;;;
392;2;1;393;morton;3;2;393;morton;;;;;;;;;;;;;;;;;;;;;;;;
393;2;1;394;morton;3;2;394;morton;;;;;;;;;;;;;;;;;;;;;;;;
394;2;1;395;morton;3;2;395;morton;;;;;;;;;;;;;;;;;;;;;;;;
395;2;1;396;morton;3;2;396;morton;;;;;;;;;;;;;;;;;;;;;;;;
396;2;1;397;morton;3;2;397;morton;;;;;;;;;;;;;;;;;;;;;;;;
397;2;1;398;morton;3;2;398;morton;;;;;;;;;;;;;;;;;;;;;;;;
398;2;1;399;morton;3;2;399;morton;;;;;;;;;;;;;;;;;;;;;;;;
399;2;1;400;morton;3;2;400;morton;;;;;;;;;;;;;;;;;;;;;;;;
400;2;1;401;morton;3;2;401;morton;;;;;;;;;;;;;;;;;;;;;;;;
401;2;1;402;morton;3;2;402;morton;;;;;;;;;;;;;;;;;;;;;;;;
402;2;1;403;morton;3;2;403;morton;;;;;;;;;;;;;;;;;;;;;;;;
403;2;1;404;morton;3;2;404;morton;;;;;;;;;;;;;;;;;;;;;;;;
404;2;1;405;morton;3;2;405;morton;;;;;;;;;;;;;;;;;;;;;;;;
405;2;1;406;morton;3;2;406;morton;;;;;;;;;;;;;;;;;;;;;;;;
406;2;1;407;morton;3;2;407;morton;;;;;;;;;;;;;;;;;;;;;;;;
407;2;1;408;morton;3;2;408;morton;;;;;;;;;;;;;;;;;;;;;;;;
408;2;1;409;morton;3;2;409;morton;;;;;;;;;;;;;;;;;;;;;;;;
409;2;1;410;morton;3;2;410;morton;;;;;;;;;;;;;;;;;;;;;;;;
410;2;1;411;morton;3;2;411;morton;;;;;;;;;;;;;;;;;;;;;;;;
411;2;1;412;morton;3;2;412;morton;;;;;;;;;;;;;;;;;;;;;;;;
412;2;1;413;morton;3;2;413;morton;;;;;;;;;;;;;;;;;;;;;;;;
413;2;1;414;morton;3;2;414;morton;;;;;;;;;;;;;;;;;;;;;;;;
414;2;1;415;morton;3;2;415;morton;;;;;;;;;;;;;;;;;;;;;;;;
415;2;1;416;morton;3;2;416;morton;;;;;;;;;;;;;;;;;;;;;;;;
416;2;1;417;morton;3;2;417;morton;;;;;;;;;;;;;;;;;;;;;;;;
417;2;1;418;morton;3;2;418;morton;;;;;;;;;;;;;;;;;;;;;;;;
418;2;1;419;morton;3;2;419;morton;;;;;;;;;;;;;;;;;;;;;;;;
419;2;1;420;morton;3;2;420;morton;;;;;;;;;;;;;;;;;;;;;;;;
420;2;1;421;morton;3;2;421;morton;;;;;;;;;;;;;;;;;;;;;;;;
421;2;1;422;morton;3;2;422;morton;;;;;;;;;;;;;;;;;;;;;;;;
422;2;1;423;morton;3;2;423;morton;;;;;;;;;;;;;;;;;;;;;;;;
423;2;1;424;morton;3;2;424;morton;;;;;;;;;;;;;;;;;;;;;;;;
424;2;1;425;morton;3;2;425;morton;;;;;;;;;;;;;;;;;;;;;;;;
425;2;1;426;morton;3;2;426;morton;;;;;;;;;;;;;;;;;;;;;;;;
426;2;1;427;morton;3;2;427;morton;;;;;;;;;;;;;;;;;;;;;;;;
427;2;1;428;morton;3;2;428;morton;;;;;;;;;;;;;;;;;;;;;;;;
428;2;1;429;morton;3;2;429;morton;;;;;;;;;;;;;;;;;;;;;;;;
429;2;1;430;morton;3;2;430;morton;;;;;;;;;;;;;;;;;;;;;;;;
430;2;1;431;morton;3;2;431;morton;;;;;;;;;;;;;;;;;;;;;;;;
431;2;1;432;morton;3;2;432;morton;;;;;;;;;;;;;;;;;;;;;;;;
432;2;1;433;morton;3;2;433;morton;;;;;;;;;;;;;;;;;;;;;;;;
433;2;1;434;morton;3;2;434;morton;;;;;;;;;;;;;;;;;;;;;;;;
434;2;1;435;morton;3;2;435;morton;;;;;;;;;;;;;;;;;;;;;;;;
435;2;1;436;morton;3;2;436;morton;;;;;;;;;;;;;;;;;;;;;;;;
436;2;1;437;morton;3;2;437;morton;;;;;;;;;;;;;;;;;;;;;;;;
437;2;1;438;morton;3;2;438;morton;;;;;;;;;;;;;;;;;;;;;;;;
438;2;1;439;morton;3;2;439;morton;;;;;;;;;;;;;;;;;;;;;;;;
439;2;1;440;morton;3;2;440;morton;;;;;;;;;;;;;;;;;;;;;;;;
440;2;1;441;morton;3;2;441;morton;;;;;;;;;;;;;;;;;;;;;;;;
441;2;1;442;morton;3;2;442;morton;;;;;;;;;;;;;;;;;;;;;;;;
442;2;1;443;morton;3;2;443;morton;;;;;;;;;;;;;;;;;;;;;;;;
443;2;1;444;morton;3;2;444;morton;;;;;;;;;;;;;;;;;;;;;;;;
444;2;1;445;morton;3;2;445;morton;;;;;;;;;;;;;;;;;;;;;;;;
445;2;1;446;morton;3;2;446;morton;;;;;;;;;;;;;;;;;;;;;;;;
446;2;1;447;morton;3;2;447;morton;;;;;;;;;;;;;;;;;;;;;;;;
447;2;1;448;morton;3;2;448;morton;;;;;;;;;;;;;;;;;;;;;;;;
448;2;1;449;morton;3;2;449;morton;;;;;;;;;;;;;;;;;;;;;;;;
449;2;1;450;morton;3;2;450;morton;;;;;;;;;;;;;;;;;;;;;;;;
450;2;1;451;morton;3;2;451;morton;;;;;;;;;;;;;;;;;;;;;;;;
451;2;1;452;morton;3;2;452;morton;;;;;;;;;;;;;;;;;;;;;;;;
452;2;1;453;morton;3;2;453;morton;;;;;;;;;;;;;;;;;;;;;;;;
453;2;1;454;morton;3;2;454;morton;;;;;;;;;;;;;;;;;;;;;;;;
454;2;1;455;morton;3;2;455;morton;;;;;;;;;;;;;;;;;;;;;;;;
455;2;1;456;morton;3;2;456;morton;;;;;;;;;;;;;;;;;;;;;;;;
456;2;1;457;morton;3;2;457;morton;;;;;;;;;;;;;;;;;;;;;;;;
457;2;1;458;morton;3;2;458;morton;;;;;;;;;;;;;;;;;;;;;;;;
458;2;1;459;morton;3;2;459;morton;;;;;;;;;;;;;;;;;;;;;;;;
459;2;1;460;morton;3;2;460;morton;;;;;;;;;;;;;;;;;;;;;;;;
460;2;1;461;morton;3;2;461;morton;;;;;;;;;;;;;;;;;;;;;;;;
461;2;1;462;morton;3;2;462;morton;;;;;;;;;;;;;;;;;;;;;;;;
462;2;1;463;morton;3;2;463;morton;;;;;;;;;;;;;;;;;;;;;;;;
463;2;1;464;morton;3;2;464;morton;;;;;;;;;;;;;;;;;;;;;;;;
464;2;1;465;morton;3;2;465;morton;;;;;;;;;;;;;;;;;;;;;;;;
465;2;1;466;morton;3;2;466;morton;;;;;;;;;;;;;;;;;;;;;;;;
466;2;1;467;morton;3;2;467;morton;;;;;;;;;;;;;;;;;;;;;;;;
467;2;1;468;morton;3;2;468;morton;;;;;;;;;;;;;;;;;;;;;;;;
468;2;1;469;morton;3;2;469;morton;;;;;;;;;;;;;;;;;;;;;;;;
469;2;1;470;morton;3;2;470;morton;;;;;;;;;;;;;;;;;;;;;;;;
470;2;1;471;morton;3;2;471;morton;;;;;;;;;;;;;;;;;;;;;;;;
471;2;1;472;morton;3;2;472;morton;;;;;;;;;;;;;;;;;;;;;;;;
472;2;1;473;morton;3;2;473;morton;;;;;;;;;;;;;;;;;;;;;;;;
473;2;1;474;morton;3;2;474;morton;;;;;;;;;;;;;;;;;;;;;;;;
474;2;1;475;morton;3;2;475;morton;;;;;;;;;;;;;;;;;;;;;;;;
475;2;1;476;morton;3;2;476;morton;;;;;;;;;;;;;;;;;;;;;;;;
476;2;1;477;morton;3;2;477;morton;;;;;;;;;;;;;;;;;;;;;;;;
477;2;1;478;morton;3;2;478;morton;;;;;;;;;;;;;;;;;;;;;;;;
478;2;1;479;morton;3;2;479;morton;;;;;;;;;;;;;;;;;;;;;;;;
479;2;1;480;morton;3;2;480;morton;;;;;;;;;;;;;;;;;;;;;;;;
480;2;1;481;morton;3;2;481;morton;;;;;;;;;;;;;;;;;;;;;;;;
481;2;1;482;morton;3;2;482;morton;;;;;;;;;;;;;;;;;;;;;;;;
482;2;1;483;morton;3;2;483;morton;;;;;;;;;;;;;;;;;;;;;;;;
483;2;1;484;morton;3;2;484;morton;;;;;;;;;;;;;;;;;;;;;;;;
484;2;1;485;morton;3;2;485;morton;;;;;;;;;;;;;;;;;;;;;;;;
485;2;1;486;morton;3;2;486;morton;;;;;;;;;;;;;;;;;;;;;;;;
486;2;1;487;morton;3;2;487;morton;;;;;;;;;;;;;;;;;;;;;;;;
487;2;1;488;morton;3;2;488;morton;;;;;;;;;;;;;;;;;;;;;;;;
488;2;1;489;morton;3;2;489;morton;;;;;;;;;;;;;;;;;;;;;;;;
489;2;1;490;morton;3;2;490;morton;;;;;;;;;;;;;;;;;;;;;;;;
490;2;1;491;morton;3;2;491;morton;;;;;;;;;;;;;;;;;;;;;;;;
491;2;1;492;morton;3;2;492;morton;;;;;;;;;;;;;;;;;;;;;;;;
492;2;1;493;morton;3;2;493;morton;;;;;;;;;;;;;;;;;;;;;;;;
493;2;1;494;morton;3;2;494;morton;;;;;;;;;;;;;;;;;;;;;;;;
494;2;1;495;morton;3;2;495;morton;;;;;;;;;;;;;;;;;;;;;;;;
495;2;1;496;morton;3;2;496;morton;;;;;;;;;;;;;;;;;;;;;;;;
496;2;1;497;morton;3;2;497;morton;;;;;;;;;;;;;;;;;;;;;;;;
497;2;1;498;morton;3;2;498;morton;;;;;;;;;;;;;;;;;;;;;;;;
498;2;1;499;morton;3;2;499;morton;;;;;;;;;;;;;;;;;;;;;;;;
499;2;1;500;morton;3;2;500;morton;;;;;;;;;;;;;;;;;;;;;;;;
500;2;1;501;morton;3;2;501;morton;;;;;;;;;;;;;;;;;;;;;;;;
501;2;1;502;morton;3;2;502;morton;;;;;;;;;;;;;;;;;;;;;;;;
502;2;1;503;morton;3;2;503;morton;;;;;;;;;;;;;;;;;;;;;;;;
503;2;1;504;morton;3;2;504;morton;;;;;;;;;;;;;;;;;;;;;;;;
504;2;1;505;morton;3;2;505;morton;;;;;;;;;;;;;;;;;;;;;;;;
505;2;1;506;morton;3;2;506;morton;;;;;;;;;;;;;;;;;;;;;;;;
506;2;1;507;morton;3;2;507;morton;;;;;;;;;;;;;;;;;;;;;;;;
507;2;1;508;morton;3;2;508;morton;;;;;;;;;;;;;;;;;;;;;;;;
508;2;1;509;morton;3;2;509;morton;;;;;;;;;;;;;;;;;;;;;;;;
509;2;1;510;morton;3;2;510;morton;;;;;;;;;;;;;;;;;;;;;;;;
510;2;1;511;morton;3;2;511;morton;;;;;;;;;;;;;;;;;;;;;;;;
511;2;1;512;morton;3;2;512;morton;;;;;;;;;;;;;;;;;;;;;;;;
512;2;1;513;morton;3;2;513;morton;;;;;;;;;;;;;;;;;;;;;;;;
513;2;1;514;morton;3;2;514;morton;;;;;;;;;;;;;;;;;;;;;;;;
514;2;1;515;morton;3;2;515;morton;;;;;;;;;;;;;;;;;;;;;;;;
515;2;1;516;morton;3;2;516;morton;;;;;;;;;;;;;;;;;;;;;;;;
516;2;1;517;morton;3;2;517;morton;;;;;;;;;;;;;;;;;;;;;;;;
517;2;1;518;morton;3;2;518;morton;;;;;;;;;;;;;;;;;;;;;;;;
518;2;1;519;morton;3;2;519;morton;;;;;;;;;;;;;;;;;;;;;;;;
519;2;1;520;morton;3;2;520;morton;;;;;;;;;;;;;;;;;;;;;;;;
520;2;1;521;morton;3;2;521;morton;;;;;;;;;;;;;;;;;;;;;;;;
521;2;1;522;morton;3;2;522;morton;;;;;;;;;;;;;;;;;;;;;;;;
522;2;1;523;morton;3;2;523;morton;;;;;;;;;;;;;;;;;;;;;;;;
523;2;1;524;morton;3;2;524;morton;;;;;;;;;;;;;;;;;;;;;;;;
524;2;1;525;morton;3;2;525;morton;;;;;;;;;;;;;;;;;;;;;;;;
525;2;1;526;morton;3;2;526;morton;;;;;;;;;;;;;;;;;;;;;;;;
526;2;1;527;morton;3;2;527;morton;;;;;;;;;;;;;;;;;;;;;;;;
527;2;1;528;morton;3;2;528;morton;;;;;;;;;;;;;;;;;;;;;;;;
528;2;1;529;morton;3;2;529;morton;;;;;;;;;;;;;;;;;;;;;;;;
529;2;1;530;morton;3;2;530;morton;;;;;;;;;;;;;;;;;;;;;;;;
530;2;1;531;morton;3;2;531;morton;;;;;;;;;;;;;;;;;;;;;;;;
531;2;1;532;morton;3;2;532;morton;;;;;;;;;;;;;;;;;;;;;;;;
532;2;1;533;morton;3;2;533;morton;;;;;;;;;;;;;;;;;;;;;;;;
533;2;1;534;morton;3;2;534;morton;;;;;;;;;;;;;;;;;;;;;;;;
534;2;1;535;morton;3;2;535;morton;;;;;;;;;;;;;;;;;;;;;;;;
535;2;1;536;morton;3;2;536;morton;;;;;;;;;;;;;;;;;;;;;;;;
536;2;1;537;morton;3;2;537;morton;;;;;;;;;;;;;;;;;;;;;;;;
537;2;1;538;morton;3;2;538;morton;;;;;;;;;;;;;;;;;;;;;;;;
538;2;1;539;morton;3;2;539;morton;;;;;;;;;;;;;;;;;;;;;;;;
539;2;1;540;morton;3;2;540;morton;;;;;;;;;;;;;;;;;;;;;;;;
540;2;1;541;morton;3;2;541;morton;;;;;;;;;;;;;;;;;;;;;;;;
541;2;1;542;morton;3;2;542;morton;;;;;;;;;;;;;;;;;;;;;;;;
542;2;1;543;morton;3;2;543;morton;;;;;;;;;;;;;;;;;;;;;;;;
543;2;1;544;morton;3;2;544;morton;;;;;;;;;;;;;;;;;;;;;;;;
544;2;1;545;morton;3;2;545;morton;;;;;;;;;;;;;;;;;;;;;;;;
545;2;1;546;morton;3;2;546;morton;;;;;;;;;;;;;;;;;;;;;;;;
546;2;1;547;morton;3;2;547;morton;;;;;;;;;;;;;;;;;;;;;;;;
547;2;1;548;morton;3;2;548;morton;;;;;;;;;;;;;;;;;;;;;;;;
548;2;1;549;morton;3;2;549;morton;;;;;;;;;;;;;;;;;;;;;;;;
549;2;1;550;morton;3;2;550;morton;;;;;;;;;;;;;;;;;;;;;;;;
550;2;1;551;morton;3;2;551;morton;;;;;;;;;;;;;;;;;;;;;;;;
551;2;1;552;morton;3;2;552;morton;;;;;;;;;;;;;;;;;;;;;;;;
552;2;1;553;morton;3;2;553;morton;;;;;;;;;;;;;;;;;;;;;;;;
553;2;1;554;morton;3;2;554;morton;;;;;;;;;;;;;;;;;;;;;;;;
554;2;1;555;morton;3;2;555;morton;;;;;;;;;;;;;;;;;;;;;;;;
555;2;1;556;morton;3;2;556;morton;;;;;;;;;;;;;;;;;;;;;;;;
556;2;1;557;morton;3;2;557;morton;;;;;;;;;;;;;;;;;;;;;;;;
557;2;1;558;morton;3;2;558;morton;;;;;;;;;;;;;;;;;;;;;;;;
558;2;1;559;morton;3;2;559;morton;;;;;;;;;;;;;;;;;;;;;;;;
559;2;1;560;morton;3;2;560;morton;;;;;;;;;;;;;;;;;;;;;;;;
560;2;1;561;morton;3;2;561;morton;;;;;;;;;;;;;;;;;;;;;;;;
561;2;1;562;morton;3;2;562;morton;;;;;;;;;;;;;;;;;;;;;;;;
562;2;1;563;morton;3;2;563;morton;;;;;;;;;;;;;;;;;;;;;;;;
563;2;1;564;morton;3;2;564;morton;;;;;;;;;;;;;;;;;;;;;;;;
564;2;1;565;morton;3;2;565;morton;;;;;;;;;;;;;;;;;;;;;;;;
565;2;1;566;morton;3;2;566;morton;;;;;;;;;;;;;;;;;;;;;;;;
566;2;1;567;morton;3;2;567;morton;;;;;;;;;;;;;;;;;;;;;;;;
567;2;1;568;morton;3;2;568;morton;;;;;;;;;;;;;;;;;;;;;;;;
568;2;1;569;morton;3;2;569;morton;;;;;;;;;;;;;;;;;;;;;;;;
569;2;1;570;morton;3;2;570;morton;;;;;;;;;;;;;;;;;;;;;;;;
570;2;1;571;morton;3;2;571;morton;;;;;;;;;;;;;;;;;;;;;;;;
571;2;1;572;morton;3;2;572;morton;;;;;;;;;;;;;;;;;;;;;;;;
572;2;1;573;morton;3;2;573;morton;;;;;;;;;;;;;;;;;;;;;;;;
573;2;1;574;morton;3;2;574;morton;;;;;;;;;;;;;;;;;;;;;;;;
574;2;1;575;morton;3;2;575;morton;;;;;;;;;;;;;;;;;;;;;;;;
575;2;1;576;morton;3;2;576;morton;;;;;;;;;;;;;;;;;;;;;;;;
576;2;1;577;morton;3;2;577;morton;;;;;;;;;;;;;;;;;;;;;;;;
577;2;1;578;morton;3;2;578;morton;;;;;;;;;;;;;;;;;;;;;;;;
578;2;1;579;morton;3;2;579;morton;;;;;;;;;;;;;;;;;;;;;;;;
579;2;1;580;morton;3;2;580;morton;;;;;;;;;;;;;;;;;;;;;;;;
580;2;1;581;morton;3;2;581;morton;;;;;;;;;;;;;;;;;;;;;;;;
581;2;1;582;morton;3;2;582;morton;;;;;;;;;;;;;;;;;;;;;;;;
582;2;1;583;morton;3;2;583;morton;;;;;;;;;;;;;;;;;;;;;;;;
583;2;1;584;morton;3;2;584;morton;;;;;;;;;;;;;;;;;;;;;;;;
584;2;1;585;morton;3;2;585;morton;;;;;;;;;;;;;;;;;;;;;;;;
585;2;1;586;morton;3;2;586;morton;;;;;;;;;;;;;;;;;;;;;;;;
586;2;1;587;morton;3;2;587;morton;;;;;;;;;;;;;;;;;;;;;;;;
587;2;1;588;morton;3;2;588;morton;;;;;;;;;;;;;;;;;;;;;;;;
588;2;1;589;morton;3;2;589;morton;;;;;;;;;;;;;;;;;;;;;;;;
589;2;1;590;morton;3;2;590;morton;;;;;;;;;;;;;;;;;;;;;;;;
590;2;1;591;morton;3;2;591;morton;;;;;;;;;;;;;;;;;;;;;;;;
591;2;1;592;morton;3;2;592;morton;;;;;;;;;;;;;;;;;;;;;;;;
592;2;1;593;morton;3;2;593;morton;;;;;;;;;;;;;;;;;;;;;;;;
593;2;1;594;morton;3;2;594;morton;;;;;;;;;;;;;;;;;;;;;;;;
594;2;1;595;morton;3;2;595;morton;;;;;;;;;;;;;;;;;;;;;;;;
595;2;1;596;morton;3;2;596;morton;;;;;;;;;;;;;;;;;;;;;;;;
596;2;1;597;morton;3;2;597;morton;;;;;;;;;;;;;;;;;;;;;;;;
597;2;1;598;morton;3;2;598;morton;;;;;;;;;;;;;;;;;;;;;;;;
598;2;1;599;morton;3;2;599;morton;;;;;;;;;;;;;;;;;;;;;;;;
599;2;1;600;morton;3;2;600;morton;;;;;;;;;;;;;;;;;;;;;;;;
600;2;1;601;morton;3;2;601;morton;;;;;;;;;;;;;;;;;;;;;;;;
601;2;1;602;morton;3;2;602;morton;;;;;;;;;;;;;;;;;;;;;;;;
602;2;1;603;morton;3;2;603;morton;;;;;;;;;;;;;;;;;;;;;;;;
603;2;1;604;morton;3;2;604;morton;;;;;;;;;;;;;;;;;;;;;;;;
604;2;1;605;morton;3;2;605;morton;;;;;;;;;;;;;;;;;;;;;;;;
605;2;1;606;morton;3;2;606;morton;;;;;;;;;;;;;;;;;;;;;;;;
606;2;1;607;morton;3;2;607;morton;;;;;;;;;;;;;;;;;;;;;;;;
607;2;1;608;morton;3;2;608;morton;;;;;;;;;;;;;;;;;;;;;;;;
608;2;1;609;morton;3;2;609;morton;;;;;;;;;;;;;;;;;;;;;;;;
609;2;1;610;morton;3;2;610;morton;;;;;;;;;;;;;;;;;;;;;;;;
610;2;1;611;morton;3;2;611;morton;;;;;;;;;;;;;;;;;;;;;;;;
611;2;1;612;morton;3;2;612;morton;;;;;;;;;;;;;;;;;;;;;;;;
612;2;1;613;morton;3;2;613;morton;;;;;;;;;;;;;;;;;;;;;;;;
613;2;1;614;morton;3;2;614;morton;;;;;;;;;;;;;;;;;;;;;;;;
614;2;1;615;morton;3;2;615;morton;;;;;;;;;;;;;;;;;;;;;;;;
615;2;1;616;morton;3;2;616;morton;;;;;;;;;;;;;;;;;;;;;;;;
616;2;1;617;morton;3;2;617;morton;;;;;;;;;;;;;;;;;;;;;;;;
617;2;1;618;morton;3;2;618;morton;;;;;;;;;;;;;;;;;;;;;;;;
618;2;1;619;morton;3;2;619;morton;;;;;;;;;;;;;;;;;;;;;;;;
619;2;1;620;morton;3;2;620;morton;;;;;;;;;;;;;;;;;;;;;;;;
620;2;1;621;morton;3;2;621;morton;;;;;;;;;;;;;;;;;;;;;;;;
621;2;1;622;morton;3;2;622;morton;;;;;;;;;;;;;;;;;;;;;;;;
622;2;1;623;morton;3;2;623;morton;;;;;;;;;;;;;;;;;;;;;;;;
623;2;1;624;morton;3;2;624;morton;;;;;;;;;;;;;;;;;;;;;;;;
624;2;1;625;morton;3;2;625;morton;;;;;;;;;;;;;;;;;;;;;;;;
625;2;1;626;morton;3;2;626;morton;;;;;;;;;;;;;;;;;;;;;;;;
626;2;1;627;morton;3;2;627;morton;;;;;;;;;;;;;;;;;;;;;;;;
627;2;1;628;morton;3;2;628;morton;;;;;;;;;;;;;;;;;;;;;;;;
628;2;1;629;morton;3;2;629;morton;;;;;;;;;;;;;;;;;;;;;;;;
629;2;1;630;morton;3;2;630;morton;;;;;;;;;;;;;;;;;;;;;;;;
630;2;1;631;morton;3;2;631;morton;;;;;;;;;;;;;;;;;;;;;;;;
631;2;1;632;morton;3;2;632;morton;;;;;;;;;;;;;;;;;;;;;;;;
632;2;1;633;morton;3;2;633;morton;;;;;;;;;;;;;;;;;;;;;;;;
633;2;1;634;morton;3;2;634;morton;;;;;;;;;;;;;;;;;;;;;;;;
634;2;1;635;morton;3;2;635;morton;;;;;;;;;;;;;;;;;;;;;;;;
635;2;1;636;morton;3;2;636;morton;;;;;;;;;;;;;;;;;;;;;;;;
636;2;1;637;morton;3;2;637;morton;;;;;;;;;;;;;;;;;;;;;;;;
637;2;1;638;morton;3;2;638;morton;;;;;;;;;;;;;;;;;;;;;;;;
638;2;1;639;morton;3;2;639;morton;;;;;;;;;;;;;;;;;;;;;;;;
639;2;1;640;morton;3;2;640;morton;;;;;;;;;;;;;;;;;;;;;;;;
640;2;1;641;morton;3;2;641;morton;;;;;;;;;;;;;;;;;;;;;;;;
641;2;1;642;morton;3;2;642;morton;;;;;;;;;;;;;;;;;;;;;;;;
642;2;1;643;morton;3;2;643;morton;;;;;;;;;;;;;;;;;;;;;;;;
643;2;1;644;morton;3;2;644;morton;;;;;;;;;;;;;;;;;;;;;;;;
644;2;1;645;morton;3;2;645;morton;;;;;;;;;;;;;;;;;;;;;;;;
645;2;1;646;morton;3;2;646;morton;;;;;;;;;;;;;;;;;;;;;;;;
646;2;1;647;morton;3;2;647;morton;;;;;;;;;;;;;;;;;;;;;;;;
647;2;1;648;morton;3;2;648;morton;;;;;;;;;;;;;;;;;;;;;;;;
648;2;1;649;morton;3;2;649;morton;;;;;;;;;;;;;;;;;;;;;;;;
649;2;1;650;morton;3;2;650;morton;;;;;;;;;;;;;;;;;;;;;;;;
650;2;1;651;morton;3;2;651;morton;;;;;;;;;;;;;;;;;;;;;;;;
651;2;1;652;morton;3;2;652;morton;;;;;;;;;;;;;;;;;;;;;;;;
652;2;1;653;morton;3;2;653;morton;;;;;;;;;;;;;;;;;;;;;;;;
653;2;1;654;morton;3;2;654;morton;;;;;;;;;;;;;;;;;;;;;;;;
654;2;1;655;morton;3;2;655;morton;;;;;;;;;;;;;;;;;;;;;;;;
655;2;1;656;morton;3;2;656;morton;;;;;;;;;;;;;;;;;;;;;;;;
656;2;1;657;morton;3;2;657;morton;;;;;;;;;;;;;;;;;;;;;;;;
657;2;1;658;morton;3;2;658;morton;;;;;;;;;;;;;;;;;;;;;;;;
658;2;1;659;morton;3;2;659;morton;;;;;;;;;;;;;;;;;;;;;;;;
659;2;1;660;morton;3;2;660;morton;;;;;;;;;;;;;;;;;;;;;;;;
660;2;1;661;morton;3;2;661;morton;;;;;;;;;;;;;;;;;;;;;;;;
661;2;1;662;morton;3;2;662;morton;;;;;;;;;;;;;;;;;;;;;;;;
662;2;1;663;morton;3;2;663;morton;;;;;;;;;;;;;;;;;;;;;;;;
663;2;1;664;morton;3;2;664;morton;;;;;;;;;;;;;;;;;;;;;;;;
664;2;1;665;morton;3;2;665;morton;;;;;;;;;;;;;;;;;;;;;;;;
665;2;1;666;morton;3;2;666;morton;;;;;;;;;;;;;;;;;;;;;;;;
666;2;1;667;morton;3;2;667;morton;;;;;;;;;;;;;;;;;;;;;;;;
667;2;1;668;morton;3;2;668;morton;;;;;;;;;;;;;;;;;;;;;;;;
668;2;1;669;morton;3;2;669;morton;;;;;;;;;;;;;;;;;;;;;;;;
669;2;1;670;morton;3;2;670;morton;;;;;;;;;;;;;;;;;;;;;;;;
670;2;1;671;morton;3;2;671;morton;;;;;;;;;;;;;;;;;;;;;;;;
671;2;1;672;morton;3;2;672;morton;;;;;;;;;;;;;;;;;;;;;;;;
672;2;1;673;morton;3;2;673;morton;;;;;;;;;;;;;;;;;;;;;;;;
673;2;1;674;morton;3;2;674;morton;;;;;;;;;;;;;;;;;;;;;;;;
674;2;1;675;morton;3;2;675;morton;;;;;;;;;;;;;;;;;;;;;;;;
675;2;1;676;morton;3;2;676;morton;;;;;;;;;;;;;;;;;;;;;;;;
676;2;1;677;morton;3;2;677;morton;;;;;;;;;;;;;;;;;;;;;;;;
677;2;1;678;morton;3;2;678;morton;;;;;;;;;;;;;;;;;;;;;;;;
678;2;1;679;morton;3;2;679;morton;;;;;;;;;;;;;;;;;;;;;;;;
679;2;1;680;morton;3;2;680;morton;;;;;;;;;;;;;;;;;;;;;;;;
680;2;1;681;morton;3;2;681;morton;;;;;;;;;;;;;;;;;;;;;;;;
681;2;1;682;morton;3;2;682;morton;;;;;;;;;;;;;;;;;;;;;;;;
682;2;1;683;morton;3;2;683;morton;;;;;;;;;;;;;;;;;;;;;;;;
683;2;1;684;morton;3;2;684;morton;;;;;;;;;;;;;;;;;;;;;;;;
684;2;1;685;morton;3;2;685;morton;;;;;;;;;;;;;;;;;;;;;;;;
685;2;1;686;morton;3;2;686;morton;;;;;;;;;;;;;;;;;;;;;;;;
686;2;1;687;morton;3;2;687;morton;;;;;;;;;;;;;;;;;;;;;;;;
687;2;1;688;morton;3;2;688;morton;;;;;;;;;;;;;;;;;;;;;;;;
688;2;1;689;morton;3;2;689;morton;;;;;;;;;;;;;;;;;;;;;;;;
689;2;1;690;morton;3;2;690;morton;;;;;;;;;;;;;;;;;;;;;;;;
690;2;1;691;morton;3;2;691;morton;;;;;;;;;;;;;;;;;;;;;;;;
691;2;1;692;morton;3;2;692;morton;;;;;;;;;;;;;;;;;;;;;;;;
692;2;1;693;morton;3;2;693;morton;;;;;;;;;;;;;;;;;;;;;;;;
693;2;1;694;morton;3;2;694;morton;;;;;;;;;;;;;;;;;;;;;;;;
694;2;1;695;morton;3;2;695;morton;;;;;;;;;;;;;;;;;;;;;;;;
695;2;1;696;morton;3;2;696;morton;;;;;;;;;;;;;;;;;;;;;;;;
696;2;1;697;morton;3;2;697;morton;;;;;;;;;;;;;;;;;;;;;;;;
697;2;1;698;morton;3;2;698;morton;;;;;;;;;;;;;;;;;;;;;;;;
698;2;1;699;morton;3;2;699;morton;;;;;;;;;;;;;;;;;;;;;;;;
699;2;1;700;morton;3;2;700;morton;;;;;;;;;;;;;;;;;;;;;;;;
700;2;1;701;morton;3;2;701;morton;;;;;;;;;;;;;;;;;;;;;;;;
701;2;1;702;morton;3;2;702;morton;;;;;;;;;;;;;;;;;;;;;;;;
702;2;1;703;morton;3;2;703;morton;;;;;;;;;;;;;;;;;;;;;;;;
703;2;1;704;morton;3;2;704;morton;;;;;;;;;;;;;;;;;;;;;;;;
704;2;1;705;morton;3;2;705;morton;;;;;;;;;;;;;;;;;;;;;;;;
705;2;1;706;morton;3;2;706;morton;;;;;;;;;;;;;;;;;;;;;;;;
706;2;1;707;morton;3;2;707;morton;;;;;;;;;;;;;;;;;;;;;;;;
707;2;1;708;morton;3;2;708;morton;;;;;;;;;;;;;;;;;;;;;;;;
708;2;1;709;morton;3;2;709;morton;;;;;;;;;;;;;;;;;;;;;;;;
709;2;1;710;morton;3;2;710;morton;;;;;;;;;;;;;;;;;;;;;;;;
710;2;1;711;morton;3;2;711;morton;;;;;;;;;;;;;;;;;;;;;;;;
711;2;1;712;morton;3;2;712;morton;;;;;;;;;;;;;;;;;;;;;;;;
712;2;1;713;morton;3;2;713;morton;;;;;;;;;;;;;;;;;;;;;;;;
713;2;1;714;morton;3;2;714;morton;;;;;;;;;;;;;;;;;;;;;;;;
714;2;1;715;morton;3;2;715;morton;;;;;;;;;;;;;;;;;;;;;;;;
715;2;1;716;morton;3;2;716;morton;;;;;;;;;;;;;;;;;;;;;;;;
716;2;1;717;morton;3;2;717;morton;;;;;;;;;;;;;;;;;;;;;;;;
717;2;1;718;morton;3;2;718;morton;;;;;;;;;;;;;;;;;;;;;;;;
718;2;1;719;morton;3;2;719;morton;;;;;;;;;;;;;;;;;;;;;;;;
719;2;1;720;morton;3;2;720;morton;;;;;;;;;;;;;;;;;;;;;;;;
720;2;1;721;morton;3;2;721;morton;;;;;;;;;;;;;;;;;;;;;;;;
721;2;1;722;morton;3;2;722;morton;;;;;;;;;;;;;;;;;;;;;;;;
722;2;1;723;morton;3;2;723;morton;;;;;;;;;;;;;;;;;;;;;;;;
723;2;1;724;morton;3;2;724;morton;;;;;;;;;;;;;;;;;;;;;;;;
724;2;1;725;morton;3;2;725;morton;;;;;;;;;;;;;;;;;;;;;;;;
725;2;1;726;morton;3;2;726;morton;;;;;;;;;;;;;;;;;;;;;;;;
726;2;1;727;morton;3;2;727;morton;;;;;;;;;;;;;;;;;;;;;;;;
727;2;1;728;morton;3;2;728;morton;;;;;;;;;;;;;;;;;;;;;;;;
728;2;1;729;morton;3;2;729;morton;;;;;;;;;;;;;;;;;;;;;;;;
729;2;1;730;morton;3;2;730;morton;;;;;;;;;;;;;;;;;;;;;;;;
730;2;1;731;morton;3;2;731;morton;;;;;;;;;;;;;;;;;;;;;;;;
731;2;1;732;morton;3;2;732;morton;;;;;;;;;;;;;;;;;;;;;;;;
732;2;1;733;morton;3;2;733;morton;;;;;;;;;;;;;;;;;;;;;;;;
733;2;1;734;morton;3;2;734;morton;;;;;;;;;;;;;;;;;;;;;;;;
734;2;1;735;morton;3;2;735;morton;;;;;;;;;;;;;;;;;;;;;;;;
735;2;1;736;morton;3;2;736;morton;;;;;;;;;;;;;;;;;;;;;;;;
736;2;1;737;morton;3;2;737;morton;;;;;;;;;;;;;;;;;;;;;;;;
737;2;1;738;morton;3;2;738;morton;;;;;;;;;;;;;;;;;;;;;;;;
738;2;1;739;morton;3;2;739;morton;;;;;;;;;;;;;;;;;;;;;;;;
739;2;1;740;morton;3;2;740;morton;;;;;;;;;;;;;;;;;;;;;;;;
740;2;1;741;morton;3;2;741;morton;;;;;;;;;;;;;;;;;;;;;;;;
741;2;1;742;morton;3;2;742;morton;;;;;;;;;;;;;;;;;;;;;;;;
742;2;1;743;morton;3;2;743;morton;;;;;;;;;;;;;;;;;;;;;;;;
743;2;1;744;morton;3;2;744;morton;;;;;;;;;;;;;;;;;;;;;;;;
744;2;1;745;morton;3;2;745;morton;;;;;;;;;;;;;;;;;;;;;;;;
745;2;1;746;morton;3;2;746;morton;;;;;;;;;;;;;;;;;;;;;;;;
746;2;1;747;morton;3;2;747;morton;;;;;;;;;;;;;;;;;;;;;;;;
747;2;1;748;morton;3;2;748;morton;;;;;;;;;;;;;;;;;;;;;;;;
748;2;1;749;morton;3;2;749;morton;;;;;;;;;;;;;;;;;;;;;;;;
749;2;1;750;morton;3;2;750;morton;;;;;;;;;;;;;;;;;;;;;;;;
750;2;1;751;morton;3;2;751;morton;;;;;;;;;;;;;;;;;;;;;;;;
751;2;1;752;morton;3;2;752;morton;;;;;;;;;;;;;;;;;;;;;;;;
752;2;1;753;morton;3;2;753;morton;;;;;;;;;;;;;;;;;;;;;;;;
753;2;1;754;morton;3;2;754;morton;;;;;;;;;;;;;;;;;;;;;;;;
754;2;1;755;morton;3;2;755;morton;;;;;;;;;;;;;;;;;;;;;;;;
755;2;1;756;morton;3;2;756;morton;;;;;;;;;;;;;;;;;;;;;;;;
756;2;1;757;morton;3;2;757;morton;;;;;;;;;;;;;;;;;;;;;;;;
757;2;1;758;morton;3;2;758;morton;;;;;;;;;;;;;;;;;;;;;;;;
758;2;1;759;morton;3;2;759;morton;;;;;;;;;;;;;;;;;;;;;;;;
759;2;1;760;morton;3;2;760;morton;;;;;;;;;;;;;;;;;;;;;;;;
760;2;1;761;morton;3;2;761;morton;;;;;;;;;;;;;;;;;;;;;;;;
761;2;1;762;morton;3;2;762;morton;;;;;;;;;;;;;;;;;;;;;;;;
762;2;1;763;morton;3;2;763;morton;;;;;;;;;;;;;;;;;;;;;;;;
763;2;1;764;morton;3;2;764;morton;;;;;;;;;;;;;;;;;;;;;;;;
764;2;1;765;morton;3;2;765;morton;;;;;;;;;;;;;;;;;;;;;;;;
765;2;1;766;morton;3;2;766;morton;;;;;;;;;;;;;;;;;;;;;;;;
766;2;1;767;morton;3;2;767;morton;;;;;;;;;;;;;;;;;;;;;;;;
767;2;1;768;morton;3;2;768;morton;;;;;;;;;;;;;;;;;;;;;;;;
768;2;1;769;morton;3;2;769;morton;;;;;;;;;;;;;;;;;;;;;;;;
769;2;1;770;morton;3;2;770;morton;;;;;;;;;;;;;;;;;;;;;;;;
770;2;1;771;morton;3;2;771;morton;;;;;;;;;;;;;;;;;;;;;;;;
771;2;1;772;morton;3;2;772;morton;;;;;;;;;;;;;;;;;;;;;;;;
772;2;1;773;morton;3;2;773;morton;;;;;;;;;;;;;;;;;;;;;;;;
773;2;1;774;morton;3;2;774;morton;;;;;;;;;;;;;;;;;;;;;;;;
774;2;1;775;morton;3;2;775;morton;;;;;;;;;;;;;;;;;;;;;;;;
775;2;1;776;morton;3;2;776;morton;;;;;;;;;;;;;;;;;;;;;;;;
776;2;1;777;morton;3;2;777;morton;;;;;;;;;;;;;;;;;;;;;;;;
777;2;1;778;morton;3;2;778;morton;;;;;;;;;;;;;;;;;;;;;;;;
778;2;1;779;morton;3;2;779;morton;;;;;;;;;;;;;;;;;;;;;;;;
779;2;1;780;morton;3;2;780;morton;;;;;;;;;;;;;;;;;;;;;;;;
780;2;1;781;morton;3;2;781;morton;;;;;;;;;;;;;;;;;;;;;;;;
781;2;1;782;morton;3;2;782;morton;;;;;;;;;;;;;;;;;;;;;;;;
782;2;1;783;morton;3;2;783;morton;;;;;;;;;;;;;;;;;;;;;;;;
783;2;1;784;morton;3;2;784;morton;;;;;;;;;;;;;;;;;;;;;;;;
784;2;1;785;morton;3;2;785;morton;;;;;;;;;;;;;;;;;;;;;;;;
785;2;1;786;morton;3;2;786;morton;;;;;;;;;;;;;;;;;;;;;;;;
786;2;1;787;morton;3;2;787;morton;;;;;;;;;;;;;;;;;;;;;;;;
787;2;1;788;morton;3;2;788;morton;;;;;;;;;;;;;;;;;;;;;;;;
788;2;1;789;morton;3;2;789;morton;;;;;;;;;;;;;;;;;;;;;;;;
789;2;1;790;morton;3;2;790;morton;;;;;;;;;;;;;;;;;;;;;;;;
790;2;1;791;morton;3;2;791;morton;;;;;;;;;;;;;;;;;;;;;;;;
791;2;1;792;morton;3;2;792;morton;;;;;;;;;;;;;;;;;;;;;;;;
792;2;1;793;morton;3;2;793;morton;;;;;;;;;;;;;;;;;;;;;;;;
793;2;1;794;morton;3;2;794;morton;;;;;;;;;;;;;;;;;;;;;;;;
794;2;1;795;morton;3;2;795;morton;;;;;;;;;;;;;;;;;;;;;;;;
795;2;1;796;morton;3;2;796;morton;;;;;;;;;;;;;;;;;;;;;;;;
796;2;1;797;morton;3;2;797;morton;;;;;;;;;;;;;;;;;;;;;;;;
797;2;1;798;morton;3;2;798;morton;;;;;;;;;;;;;;;;;;;;;;;;
798;2;1;799;morton;3;2;799;morton;;;;;;;;;;;;;;;;;;;;;;;;
799;2;1;800;morton;3;2;800;morton;;;;;;;;;;;;;;;;;;;;;;;;
800;2;1;801;morton;3;2;801;morton;;;;;;;;;;;;;;;;;;;;;;;;
801;2;1;802;morton;3;2;802;morton;;;;;;;;;;;;;;;;;;;;;;;;
802;2;1;803;morton;3;2;803;morton;;;;;;;;;;;;;;;;;;;;;;;;
803;2;1;804;morton;3;2;804;morton;;;;;;;;;;;;;;;;;;;;;;;;
804;2;1;805;morton;3;2;805;morton;;;;;;;;;;;;;;;;;;;;;;;;
805;2;1;806;morton;3;2;806;morton;;;;;;;;;;;;;;;;;;;;;;;;
806;2;1;807;morton;3;2;807;morton;;;;;;;;;;;;;;;;;;;;;;;;
807;2;1;808;morton;3;2;808;morton;;;;;;;;;;;;;;;;;;;;;;;;
808;2;1;809;morton;3;2;809;morton;;;;;;;;;;;;;;;;;;;;;;;;
809;2;1;810;morton;3;2;810;morton;;;;;;;;;;;;;;;;;;;;;;;;
810;2;1;811;morton;3;2;811;morton;;;;;;;;;;;;;;;;;;;;;;;;
811;2;1;812;morton;3;2;812;morton;;;;;;;;;;;;;;;;;;;;;;;;
812;2;1;813;morton;3;2;813;morton;;;;;;;;;;;;;;;;;;;;;;;;
813;2;1;814;morton;3;2;814;morton;;;;;;;;;;;;;;;;;;;;;;;;
814;2;1;815;morton;3;2;815;morton;;;;;;;;;;;;;;;;;;;;;;;;
815;2;1;816;morton;3;2;816;morton;;;;;;;;;;;;;;;;;;;;;;;;
816;2;1;817;morton;3;2;817;morton;;;;;;;;;;;;;;;;;;;;;;;;
817;2;1;818;morton;3;2;818;morton;;;;;;;;;;;;;;;;;;;;;;;;
818;2;1;819;morton;3;2;819;morton;;;;;;;;;;;;;;;;;;;;;;;;
819;2;1;820;morton;3;2;820;morton;;;;;;;;;;;;;;;;;;;;;;;;
820;2;1;821;morton;3;2;821;morton;;;;;;;;;;;;;;;;;;;;;;;;
821;2;1;822;morton;3;2;822;morton;;;;;;;;;;;;;;;;;;;;;;;;
822;2;1;823;morton;3;2;823;morton;;;;;;;;;;;;;;;;;;;;;;;;
823;2;1;824;morton;3;2;824;morton;;;;;;;;;;;;;;;;;;;;;;;;
824;2;1;825;morton;3;2;825;morton;;;;;;;;;;;;;;;;;;;;;;;;
825;2;1;826;morton;3;2;826;morton;;;;;;;;;;;;;;;;;;;;;;;;
826;2;1;827;morton;3;2;827;morton;;;;;;;;;;;;;;;;;;;;;;;;
827;2;1;828;morton;3;2;828;morton;;;;;;;;;;;;;;;;;;;;;;;;
828;2;1;829;morton;3;2;829;morton;;;;;;;;;;;;;;;;;;;;;;;;
829;2;1;830;morton;3;2;830;morton;;;;;;;;;;;;;;;;;;;;;;;;
830;2;1;831;morton;3;2;831;morton;;;;;;;;;;;;;;;;;;;;;;;;
831;2;1;832;morton;3;2;832;morton;;;;;;;;;;;;;;;;;;;;;;;;
832;2;1;833;morton;3;2;833;morton;;;;;;;;;;;;;;;;;;;;;;;;
833;2;1;834;morton;3;2;834;morton;;;;;;;;;;;;;;;;;;;;;;;;
834;2;1;835;morton;3;2;835;morton;;;;;;;;;;;;;;;;;;;;;;;;
835;2;1;836;morton;3;2;836;morton;;;;;;;;;;;;;;;;;;;;;;;;
836;2;1;837;morton;3;2;837;morton;;;;;;;;;;;;;;;;;;;;;;;;
837;2;1;838;morton;3;2;838;morton;;;;;;;;;;;;;;;;;;;;;;;;
838;2;1;839;morton;3;2;839;morton;;;;;;;;;;;;;;;;;;;;;;;;
839;2;1;840;morton;3;2;840;morton;;;;;;;;;;;;;;;;;;;;;;;;
840;2;1;841;morton;3;2;841;morton;;;;;;;;;;;;;;;;;;;;;;;;
841;2;1;842;morton;3;2;842;morton;;;;;;;;;;;;;;;;;;;;;;;;
842;2;1;843;morton;3;2;843;morton;;;;;;;;;;;;;;;;;;;;;;;;
843;2;1;844;morton;3;2;844;morton;;;;;;;;;;;;;;;;;;;;;;;;
844;2;1;845;morton;3;2;845;morton;;;;;;;;;;;;;;;;;;;;;;;;
845;2;1;846;morton;3;2;846;morton;;;;;;;;;;;;;;;;;;;;;;;;
846;2;1;847;morton;3;2;847;morton;;;;;;;;;;;;;;;;;;;;;;;;
847;2;1;848;morton;3;2;848;morton;;;;;;;;;;;;;;;;;;;;;;;;
848;2;1;849;morton;3;2;849;morton;;;;;;;;;;;;;;;;;;;;;;;;
849;2;1;850;morton;3;2;850;morton;;;;;;;;;;;;;;;;;;;;;;;;
850;2;1;851;morton;3;2;851;morton;;;;;;;;;;;;;;;;;;;;;;;;
851;2;1;852;morton;3;2;852;morton;;;;;;;;;;;;;;;;;;;;;;;;
852;2;1;853;morton;3;2;853;morton;;;;;;;;;;;;;;;;;;;;;;;;
853;2;1;854;morton;3;2;854;morton;;;;;;;;;;;;;;;;;;;;;;;;
854;2;1;855;morton;3;2;855;morton;;;;;;;;;;;;;;;;;;;;;;;;
855;2;1;856;morton;3;2;856;morton;;;;;;;;;;;;;;;;;;;;;;;;
856;2;1;857;morton;3;2;857;morton;;;;;;;;;;;;;;;;;;;;;;;;
857;2;1;858;morton;3;2;858;morton;;;;;;;;;;;;;;;;;;;;;;;;
858;2;1;859;morton;3;2;859;morton;;;;;;;;;;;;;;;;;;;;;;;;
859;2;1;860;morton;3;2;860;morton;;;;;;;;;;;;;;;;;;;;;;;;
860;2;1;861;morton;3;2;861;morton;;;;;;;;;;;;;;;;;;;;;;;;
861;2;1;862;morton;3;2;862;morton;;;;;;;;;;;;;;;;;;;;;;;;
862;2;1;863;morton;3;2;863;morton;;;;;;;;;;;;;;;;;;;;;;;;
863;2;1;864;morton;3;2;864;morton;;;;;;;;;;;;;;;;;;;;;;;;
864;2;1;865;morton;3;2;865;morton;;;;;;;;;;;;;;;;;;;;;;;;
865;2;1;866;morton;3;2;866;morton;;;;;;;;;;;;;;;;;;;;;;;;
866;2;1;867;morton;3;2;867;morton;;;;;;;;;;;;;;;;;;;;;;;;
867;2;1;868;morton;3;2;868;morton;;;;;;;;;;;;;;;;;;;;;;;;
868;2;1;869;morton;3;2;869;morton;;;;;;;;;;;;;;;;;;;;;;;;
869;2;1;870;morton;3;2;870;morton;;;;;;;;;;;;;;;;;;;;;;;;
870;2;1;871;morton;3;2;871;morton;;;;;;;;;;;;;;;;;;;;;;;;
871;2;1;872;morton;3;2;872;morton;;;;;;;;;;;;;;;;;;;;;;;;
872;2;1;873;morton;3;2;873;morton;;;;;;;;;;;;;;;;;;;;;;;;
873;2;1;874;morton;3;2;874;morton;;;;;;;;;;;;;;;;;;;;;;;;
874;2;1;875;morton;3;2;875;morton;;;;;;;;;;;;;;;;;;;;;;;;
875;2;1;876;morton;3;2;876;morton;;;;;;;;;;;;;;;;;;;;;;;;
876;2;1;877;morton;3;2;877;morton;;;;;;;;;;;;;;;;;;;;;;;;
877;2;1;878;morton;3;2;878;morton;;;;;;;;;;;;;;;;;;;;;;;;
878;2;1;879;morton;3;2;879;morton;;;;;;;;;;;;;;;;;;;;;;;;
879;2;1;880;morton;3;2;880;morton;;;;;;;;;;;;;;;;;;;;;;;;
880;2;1;881;morton;3;2;881;morton;;;;;;;;;;;;;;;;;;;;;;;;
881;2;1;882;morton;3;2;882;morton;;;;;;;;;;;;;;;;;;;;;;;;
882;2;1;883;morton;3;2;883;morton;;;;;;;;;;;;;;;;;;;;;;;;
883;2;1;884;morton;3;2;884;morton;;;;;;;;;;;;;;;;;;;;;;;;
884;2;1;885;morton;3;2;885;morton;;;;;;;;;;;;;;;;;;;;;;;;
885;2;1;886;morton;3;2;886;morton;;;;;;;;;;;;;;;;;;;;;;;;
886;2;1;887;morton;3;2;887;morton;;;;;;;;;;;;;;;;;;;;;;;;
887;2;1;888;morton;3;2;888;morton;;;;;;;;;;;;;;;;;;;;;;;;
888;2;1;889;morton;3;2;889;morton;;;;;;;;;;;;;;;;;;;;;;;;
889;2;1;890;morton;3;2;890;morton;;;;;;;;;;;;;;;;;;;;;;;;
890;2;1;891;morton;3;2;891;morton;;;;;;;;;;;;;;;;;;;;;;;;
891;2;1;892;morton;3;2;892;morton;;;;;;;;;;;;;;;;;;;;;;;;
892;2;1;893;morton;3;2;893;morton;;;;;;;;;;;;;;;;;;;;;;;;
893;2;1;894;morton;3;2;894;morton;;;;;;;;;;;;;;;;;;;;;;;;
894;2;1;895;morton;3;2;895;morton;;;;;;;;;;;;;;;;;;;;;;;;
895;2;1;896;morton;3;2;896;morton;;;;;;;;;;;;;;;;;;;;;;;;
896;2;1;897;morton;3;2;897;morton;;;;;;;;;;;;;;;;;;;;;;;;
897;2;1;898;morton;3;2;898;morton;;;;;;;;;;;;;;;;;;;;;;;;
898;2;1;899;morton;3;2;899;morton;;;;;;;;;;;;;;;;;;;;;;;;
899;2;1;900;morton;3;2;900;morton;;;;;;;;;;;;;;;;;;;;;;;;
900;2;1;901;morton;3;2;901;morton;;;;;;;;;;;;;;;;;;;;;;;;
901;2;1;902;morton;3;2;902;morton;;;;;;;;;;;;;;;;;;;;;;;;
902;2;1;903;morton;3;2;903;morton;;;;;;;;;;;;;;;;;;;;;;;;
903;2;1;904;morton;3;2;904;morton;;;;;;;;;;;;;;;;;;;;;;;;
904;2;1;905;morton;3;2;905;morton;;;;;;;;;;;;;;;;;;;;;;;;
905;2;1;906;morton;3;2;906;morton;;;;;;;;;;;;;;;;;;;;;;;;
906;2;1;907;morton;3;2;907;morton;;;;;;;;;;;;;;;;;;;;;;;;
907;2;1;908;morton;3;2;908;morton;;;;;;;;;;;;;;;;;;;;;;;;
908;2;1;909;morton;3;2;909;morton;;;;;;;;;;;;;;;;;;;;;;;;
909;2;1;910;morton;3;2;910;morton;;;;;;;;;;;;;;;;;;;;;;;;
910;2;1;911;morton;3;2;911;morton;;;;;;;;;;;;;;;;;;;;;;;;
911;2;1;912;morton;3;2;912;morton;;;;;;;;;;;;;;;;;;;;;;;;
912;2;1;913;morton;3;2;913;morton;;;;;;;;;;;;;;;;;;;;;;;;
913;2;1;914;morton;3;2;914;morton;;;;;;;;;;;;;;;;;;;;;;;;
914;2;1;915;morton;3;2;915;morton;;;;;;;;;;;;;;;;;;;;;;;;
915;2;1;916;morton;3;2;916;morton;;;;;;;;;;;;;;;;;;;;;;;;
916;2;1;917;morton;3;2;917;morton;;;;;;;;;;;;;;;;;;;;;;;;
917;2;1;918;morton;3;2;918;morton;;;;;;;;;;;;;;;;;;;;;;;;
918;2;1;919;morton;3;2;919;morton;;;;;;;;;;;;;;;;;;;;;;;;
919;2;1;920;morton;3;2;920;morton;;;;;;;;;;;;;;;;;;;;;;;;
920;2;1;921;morton;3;2;921;morton;;;;;;;;;;;;;;;;;;;;;;;;
921;2;1;922;morton;3;2;922;morton;;;;;;;;;;;;;;;;;;;;;;;;
922;2;1;923;morton;3;2;923;morton;;;;;;;;;;;;;;;;;;;;;;;;
923;2;1;924;morton;3;2;924;morton;;;;;;;;;;;;;;;;;;;;;;;;
924;2;1;925;morton;3;2;925;morton;;;;;;;;;;;;;;;;;;;;;;;;
925;2;1;926;morton;3;2;926;morton;;;;;;;;;;;;;;;;;;;;;;;;
926;2;1;927;morton;3;2;927;morton;;;;;;;;;;;;;;;;;;;;;;;;
927;2;1;928;morton;3;2;928;morton;;;;;;;;;;;;;;;;;;;;;;;;
928;2;1;929;morton;3;2;929;morton;;;;;;;;;;;;;;;;;;;;;;;;
929;2;1;930;morton;3;2;930;morton;;;;;;;;;;;;;;;;;;;;;;;;
930;2;1;931;morton;3;2;931;morton;;;;;;;;;;;;;;;;;;;;;;;;
931;2;1;932;morton;3;2;932;morton;;;;;;;;;;;;;;;;;;;;;;;;
932;2;1;933;morton;3;2;933;morton;;;;;;;;;;;;;;;;;;;;;;;;
933;2;1;934;morton;3;2;934;morton;;;;;;;;;;;;;;;;;;;;;;;;
934;2;1;935;morton;3;2;935;morton;;;;;;;;;;;;;;;;;;;;;;;;
935;2;1;936;morton;3;2;936;morton;;;;;;;;;;;;;;;;;;;;;;;;
936;2;1;937;morton;3;2;937;morton;;;;;;;;;;;;;;;;;;;;;;;;
937;2;1;938;morton;3;2;938;morton;;;;;;;;;;;;;;;;;;;;;;;;
938;2;1;939;morton;3;2;939;morton;;;;;;;;;;;;;;;;;;;;;;;;
939;2;1;940;morton;3;2;940;morton;;;;;;;;;;;;;;;;;;;;;;;;
940;2;1;941;morton;3;2;941;morton;;;;;;;;;;;;;;;;;;;;;;;;
941;2;1;942;morton;3;2;942;morton;;;;;;;;;;;;;;;;;;;;;;;;
942;2;1;943;morton;3;2;943;morton;;;;;;;;;;;;;;;;;;;;;;;;
943;2;1;944;morton;3;2;944;morton;;;;;;;;;;;;;;;;;;;;;;;;
944;2;1;945;morton;3;2;945;morton;;;;;;;;;;;;;;;;;;;;;;;;
945;2;1;946;morton;3;2;946;morton;;;;;;;;;;;;;;;;;;;;;;;;
946;2;1;947;morton;3;2;947;morton;;;;;;;;;;;;;;;;;;;;;;;;
947;2;1;948;morton;3;2;948;morton;;;;;;;;;;;;;;;;;;;;;;;;
948;2;1;949;morton;3;2;949;morton;;;;;;;;;;;;;;;;;;;;;;;;
949;2;1;950;morton;3;2;950;morton;;;;;;;;;;;;;;;;;;;;;;;;
950;2;1;951;morton;3;2;951;morton;;;;;;;;;;;;;;;;;;;;;;;;
951;2;1;952;morton;3;2;952;morton;;;;;;;;;;;;;;;;;;;;;;;;
952;2;1;953;morton;3;2;953;morton;;;;;;;;;;;;;;;;;;;;;;;;
953;2;1;954;morton;3;2;954;morton;;;;;;;;;;;;;;;;;;;;;;;;
954;2;1;955;morton;3;2;955;morton;;;;;;;;;;;;;;;;;;;;;;;;
955;2;1;956;morton;3;2;956;morton;;;;;;;;;;;;;;;;;;;;;;;;
956;2;1;957;morton;3;2;957;morton;;;;;;;;;;;;;;;;;;;;;;;;
957;2;1;958;morton;3;2;958;morton;;;;;;;;;;;;;;;;;;;;;;;;
958;2;1;959;morton;3;2;959;morton;;;;;;;;;;;;;;;;;;;;;;;;
959;2;1;960;morton;3;2;960;morton;;;;;;;;;;;;;;;;;;;;;;;;
960;2;1;961;morton;3;2;961;morton;;;;;;;;;;;;;;;;;;;;;;;;
961;2;1;962;morton;3;2;962;morton;;;;;;;;;;;;;;;;;;;;;;;;
962;2;1;963;morton;3;2;963;morton;;;;;;;;;;;;;;;;;;;;;;;;
963;2;1;964;morton;3;2;964;morton;;;;;;;;;;;;;;;;;;;;;;;;
964;2;1;965;morton;3;2;965;morton;;;;;;;;;;;;;;;;;;;;;;;;
965;2;1;966;morton;3;2;966;morton;;;;;;;;;;;;;;;;;;;;;;;;
966;2;1;967;morton;3;2;967;morton;;;;;;;;;;;;;;;;;;;;;;;;
967;2;1;968;morton;3;2;968;morton;;;;;;;;;;;;;;;;;;;;;;;;
968;2;1;969;morton;3;2;969;morton;;;;;;;;;;;;;;;;;;;;;;;;
969;2;1;970;morton;3;2;970;morton;;;;;;;;;;;;;;;;;;;;;;;;
970;2;1;971;morton;3;2;971;morton;;;;;;;;;;;;;;;;;;;;;;;;
971;2;1;972;morton;3;2;972;morton;;;;;;;;;;;;;;;;;;;;;;;;
972;2;1;973;morton;3;2;973;morton;;;;;;;;;;;;;;;;;;;;;;;;
973;2;1;974;morton;3;2;974;morton;;;;;;;;;;;;;;;;;;;;;;;;
974;2;1;975;morton;3;2;975;morton;;;;;;;;;;;;;;;;;;;;;;;;
975;2;1;976;morton;3;2;976;morton;;;;;;;;;;;;;;;;;;;;;;;;
976;2;1;977;morton;3;2;977;morton;;;;;;;;;;;;;;;;;;;;;;;;
977;2;1;978;morton;3;2;978;morton;;;;;;;;;;;;;;;;;;;;;;;;
978;2;1;979;morton;3;2;979;morton;;;;;;;;;;;;;;;;;;;;;;;;
979;2;1;980;morton;3;2;980;morton;;;;;;;;;;;;;;;;;;;;;;;;
980;2;1;981;morton;3;2;981;morton;;;;;;;;;;;;;;;;;;;;;;;;
981;2;1;982;morton;3;2;982;morton;;;;;;;;;;;;;;;;;;;;;;;;
982;2;1;983;morton;3;2;983;morton;;;;;;;;;;;;;;;;;;;;;;;;
983;2;1;984;morton;3;2;984;morton;;;;;;;;;;;;;;;;;;;;;;;;
984;2;1;985;morton;3;2;985;morton;;;;;;;;;;;;;;;;;;;;;;;;
985;2;1;986;morton;3;2;986;morton;;;;;;;;;;;;;;;;;;;;;;;;
986;2;1;987;morton;3;2;987;morton;;;;;;;;;;;;;;;;;;;;;;;;
987;2;1;988;morton;3;2;988;morton;;;;;;;;;;;;;;;;;;;;;;;;
988;2;1;989;morton;3;2;989;morton;;;;;;;;;;;;;;;;;;;;;;;;
989;2;1;990;morton;3;2;990;morton;;;;;;;;;;;;;;;;;;;;;;;;
990;2;1;991;morton;3;2;991;morton;;;;;;;;;;;;;;;;;;;;;;;;
991;2;1;992;morton;3;2;992;morton;;;;;;;;;;;;;;;;;;;;;;;;
992;2;1;993;morton;3;2;993;morton;;;;;;;;;;;;;;;;;;;;;;;;
993;2;1;994;morton;3;2;994;morton;;;;;;;;;;;;;;;;;;;;;;;;
994;2;1;995;morton;3;2;995;morton;;;;;;;;;;;;;;;;;;;;;;;;
995;2;1;996;morton;3;2;996;morton;;;;;;;;;;;;;;;;;;;;;;;;
996;2;1;997;morton;3;2;997;morton;;;;;;;;;;;;;;;;;;;;;;;;
997;2;1;998;morton;3;2;998;morton;;;;;;;;;;;;;;;;;;;;;;;;
998;2;1;999;morton;3;2;999;morton;;;;;;;;;;;;;;;;;;;;;;;;
