;input_max_value;df_max_value;offset;alogrithm;input_max_value;df_max_value;offset;alogrithm;input_max_value;df_max_value;offset;alogrithm;input_max_value;df_max_value;offset;alogrithm;input_max_value;df_max_value;offset;alogrithm;input_max_value;df_max_value;offset;alogrithm;input_max_value;df_max_value;offset;alogrithm;input_max_value;df_max_value;offset;alogrithm
0;2;1;2;morton;3.0;2.0;4.0;morton;4.0;3.0;4.0;morton;5.0;4.0;8.0;morton;6.0;5.0;8.0;morton;7.0;6.0;8.0;morton;8.0;7.0;8.0;morton;9.0;8.0;16.0;morton
1;2;1;4;morton;3.0;2.0;8.0;morton;4.0;3.0;8.0;morton;5.0;4.0;16.0;morton;6.0;5.0;16.0;morton;7.0;6.0;16.0;morton;8.0;7.0;16.0;morton;9.0;8.0;32.0;morton
2;2;1;6;morton;3.0;2.0;12.0;morton;4.0;3.0;12.0;morton;5.0;4.0;24.0;morton;6.0;5.0;24.0;morton;7.0;6.0;24.0;morton;8.0;7.0;24.0;morton;9.0;8.0;48.0;morton
3;2;1;8;morton;3.0;2.0;16.0;morton;4.0;3.0;16.0;morton;5.0;4.0;32.0;morton;6.0;5.0;32.0;morton;7.0;6.0;32.0;morton;8.0;7.0;32.0;morton;9.0;8.0;64.0;morton
4;2;1;10;morton;3.0;2.0;20.0;morton;4.0;3.0;20.0;morton;5.0;4.0;40.0;morton;6.0;5.0;40.0;morton;7.0;6.0;40.0;morton;8.0;7.0;40.0;morton;9.0;8.0;80.0;morton
5;2;1;12;morton;3.0;2.0;24.0;morton;4.0;3.0;24.0;morton;5.0;4.0;48.0;morton;6.0;5.0;48.0;morton;7.0;6.0;48.0;morton;8.0;7.0;48.0;morton;9.0;8.0;96.0;morton
6;2;1;14;morton;3.0;2.0;28.0;morton;4.0;3.0;28.0;morton;5.0;4.0;56.0;morton;6.0;5.0;56.0;morton;7.0;6.0;56.0;morton;8.0;7.0;56.0;morton;9.0;8.0;112.0;morton
7;2;1;16;morton;3.0;2.0;32.0;morton;4.0;3.0;32.0;morton;5.0;4.0;64.0;morton;6.0;5.0;64.0;morton;7.0;6.0;64.0;morton;8.0;7.0;64.0;morton;9.0;8.0;128.0;morton
8;2;1;18;morton;3.0;2.0;36.0;morton;4.0;3.0;36.0;morton;5.0;4.0;72.0;morton;6.0;5.0;72.0;morton;7.0;6.0;72.0;morton;8.0;7.0;72.0;morton;9.0;8.0;144.0;morton
9;2;1;20;morton;3.0;2.0;40.0;morton;4.0;3.0;40.0;morton;5.0;4.0;80.0;morton;6.0;5.0;80.0;morton;7.0;6.0;80.0;morton;8.0;7.0;80.0;morton;9.0;8.0;160.0;morton
10;2;1;22;morton;3.0;2.0;44.0;morton;4.0;3.0;44.0;morton;5.0;4.0;88.0;morton;6.0;5.0;88.0;morton;7.0;6.0;88.0;morton;8.0;7.0;88.0;morton;9.0;8.0;176.0;morton
11;2;1;24;morton;3.0;2.0;48.0;morton;4.0;3.0;48.0;morton;5.0;4.0;96.0;morton;6.0;5.0;96.0;morton;7.0;6.0;96.0;morton;8.0;7.0;96.0;morton;9.0;8.0;192.0;morton
12;2;1;26;morton;3.0;2.0;52.0;morton;4.0;3.0;52.0;morton;5.0;4.0;104.0;morton;6.0;5.0;104.0;morton;7.0;6.0;104.0;morton;8.0;7.0;104.0;morton;9.0;8.0;208.0;morton
13;2;1;28;morton;3.0;2.0;56.0;morton;4.0;3.0;56.0;morton;5.0;4.0;112.0;morton;6.0;5.0;112.0;morton;7.0;6.0;112.0;morton;8.0;7.0;112.0;morton;9.0;8.0;224.0;morton
14;2;1;30;morton;3.0;2.0;60.0;morton;4.0;3.0;60.0;morton;5.0;4.0;120.0;morton;6.0;5.0;120.0;morton;7.0;6.0;120.0;morton;8.0;7.0;120.0;morton;9.0;8.0;240.0;morton
15;2;1;32;morton;3.0;2.0;64.0;morton;4.0;3.0;64.0;morton;5.0;4.0;128.0;morton;6.0;5.0;128.0;morton;7.0;6.0;128.0;morton;8.0;7.0;128.0;morton;9.0;8.0;256.0;morton
16;2;1;34;morton;3.0;2.0;68.0;morton;4.0;3.0;68.0;morton;5.0;4.0;136.0;morton;6.0;5.0;136.0;morton;7.0;6.0;136.0;morton;8.0;7.0;136.0;morton;9.0;8.0;272.0;morton
17;2;1;36;morton;3.0;2.0;72.0;morton;4.0;3.0;72.0;morton;5.0;4.0;144.0;morton;6.0;5.0;144.0;morton;7.0;6.0;144.0;morton;8.0;7.0;144.0;morton;9.0;8.0;288.0;morton
18;2;1;38;morton;3.0;2.0;76.0;morton;4.0;3.0;76.0;morton;5.0;4.0;152.0;morton;6.0;5.0;152.0;morton;7.0;6.0;152.0;morton;8.0;7.0;152.0;morton;9.0;8.0;304.0;morton
19;2;1;40;morton;3.0;2.0;80.0;morton;4.0;3.0;80.0;morton;5.0;4.0;160.0;morton;6.0;5.0;160.0;morton;7.0;6.0;160.0;morton;8.0;7.0;160.0;morton;9.0;8.0;320.0;morton
20;2;1;42;morton;3.0;2.0;84.0;morton;4.0;3.0;84.0;morton;5.0;4.0;168.0;morton;6.0;5.0;168.0;morton;7.0;6.0;168.0;morton;8.0;7.0;168.0;morton;9.0;8.0;336.0;morton
21;2;1;44;morton;3.0;2.0;88.0;morton;4.0;3.0;88.0;morton;5.0;4.0;176.0;morton;6.0;5.0;176.0;morton;7.0;6.0;176.0;morton;8.0;7.0;176.0;morton;9.0;8.0;352.0;morton
22;2;1;46;morton;3.0;2.0;92.0;morton;4.0;3.0;92.0;morton;5.0;4.0;184.0;morton;6.0;5.0;184.0;morton;7.0;6.0;184.0;morton;8.0;7.0;184.0;morton;9.0;8.0;368.0;morton
23;2;1;48;morton;3.0;2.0;96.0;morton;4.0;3.0;96.0;morton;5.0;4.0;192.0;morton;6.0;5.0;192.0;morton;7.0;6.0;192.0;morton;8.0;7.0;192.0;morton;9.0;8.0;384.0;morton
24;2;1;50;morton;3.0;2.0;100.0;morton;4.0;3.0;100.0;morton;5.0;4.0;200.0;morton;6.0;5.0;200.0;morton;7.0;6.0;200.0;morton;8.0;7.0;200.0;morton;9.0;8.0;400.0;morton
25;2;1;52;morton;3.0;2.0;104.0;morton;4.0;3.0;104.0;morton;5.0;4.0;208.0;morton;6.0;5.0;208.0;morton;7.0;6.0;208.0;morton;8.0;7.0;208.0;morton;9.0;8.0;416.0;morton
26;2;1;54;morton;3.0;2.0;108.0;morton;4.0;3.0;108.0;morton;5.0;4.0;216.0;morton;6.0;5.0;216.0;morton;7.0;6.0;216.0;morton;8.0;7.0;216.0;morton;9.0;8.0;432.0;morton
27;2;1;56;morton;3.0;2.0;112.0;morton;4.0;3.0;112.0;morton;5.0;4.0;224.0;morton;6.0;5.0;224.0;morton;7.0;6.0;224.0;morton;8.0;7.0;224.0;morton;9.0;8.0;448.0;morton
28;2;1;58;morton;3.0;2.0;116.0;morton;4.0;3.0;116.0;morton;5.0;4.0;232.0;morton;6.0;5.0;232.0;morton;7.0;6.0;232.0;morton;8.0;7.0;232.0;morton;9.0;8.0;464.0;morton
29;2;1;60;morton;3.0;2.0;120.0;morton;4.0;3.0;120.0;morton;5.0;4.0;240.0;morton;6.0;5.0;240.0;morton;7.0;6.0;240.0;morton;8.0;7.0;240.0;morton;9.0;8.0;480.0;morton
30;2;1;62;morton;3.0;2.0;124.0;morton;4.0;3.0;124.0;morton;5.0;4.0;248.0;morton;6.0;5.0;248.0;morton;7.0;6.0;248.0;morton;8.0;7.0;248.0;morton;9.0;8.0;496.0;morton
31;2;1;64;morton;3.0;2.0;128.0;morton;4.0;3.0;128.0;morton;5.0;4.0;256.0;morton;6.0;5.0;256.0;morton;7.0;6.0;256.0;morton;8.0;7.0;256.0;morton;9.0;8.0;512.0;morton
32;2;1;66;morton;3.0;2.0;132.0;morton;4.0;3.0;132.0;morton;5.0;4.0;264.0;morton;6.0;5.0;264.0;morton;7.0;6.0;264.0;morton;8.0;7.0;264.0;morton;9.0;8.0;528.0;morton
33;2;1;68;morton;3.0;2.0;136.0;morton;4.0;3.0;136.0;morton;5.0;4.0;272.0;morton;6.0;5.0;272.0;morton;7.0;6.0;272.0;morton;8.0;7.0;272.0;morton;9.0;8.0;544.0;morton
34;2;1;70;morton;3.0;2.0;140.0;morton;4.0;3.0;140.0;morton;5.0;4.0;280.0;morton;6.0;5.0;280.0;morton;7.0;6.0;280.0;morton;8.0;7.0;280.0;morton;9.0;8.0;560.0;morton
35;2;1;72;morton;3.0;2.0;144.0;morton;4.0;3.0;144.0;morton;5.0;4.0;288.0;morton;6.0;5.0;288.0;morton;7.0;6.0;288.0;morton;8.0;7.0;288.0;morton;9.0;8.0;576.0;morton
36;2;1;74;morton;3.0;2.0;148.0;morton;4.0;3.0;148.0;morton;5.0;4.0;296.0;morton;6.0;5.0;296.0;morton;7.0;6.0;296.0;morton;8.0;7.0;296.0;morton;9.0;8.0;592.0;morton
37;2;1;76;morton;3.0;2.0;152.0;morton;4.0;3.0;152.0;morton;5.0;4.0;304.0;morton;6.0;5.0;304.0;morton;7.0;6.0;304.0;morton;8.0;7.0;304.0;morton;9.0;8.0;608.0;morton
38;2;1;78;morton;3.0;2.0;156.0;morton;4.0;3.0;156.0;morton;5.0;4.0;312.0;morton;6.0;5.0;312.0;morton;7.0;6.0;312.0;morton;8.0;7.0;312.0;morton;9.0;8.0;624.0;morton
39;2;1;80;morton;3.0;2.0;160.0;morton;4.0;3.0;160.0;morton;5.0;4.0;320.0;morton;6.0;5.0;320.0;morton;7.0;6.0;320.0;morton;8.0;7.0;320.0;morton;9.0;8.0;640.0;morton
40;2;1;82;morton;3.0;2.0;164.0;morton;4.0;3.0;164.0;morton;5.0;4.0;328.0;morton;6.0;5.0;328.0;morton;7.0;6.0;328.0;morton;8.0;7.0;328.0;morton;9.0;8.0;656.0;morton
41;2;1;84;morton;3.0;2.0;168.0;morton;4.0;3.0;168.0;morton;5.0;4.0;336.0;morton;6.0;5.0;336.0;morton;7.0;6.0;336.0;morton;8.0;7.0;336.0;morton;9.0;8.0;672.0;morton
42;2;1;86;morton;3.0;2.0;172.0;morton;4.0;3.0;172.0;morton;5.0;4.0;344.0;morton;6.0;5.0;344.0;morton;7.0;6.0;344.0;morton;8.0;7.0;344.0;morton;9.0;8.0;688.0;morton
43;2;1;88;morton;3.0;2.0;176.0;morton;4.0;3.0;176.0;morton;5.0;4.0;352.0;morton;6.0;5.0;352.0;morton;7.0;6.0;352.0;morton;8.0;7.0;352.0;morton;9.0;8.0;704.0;morton
44;2;1;90;morton;3.0;2.0;180.0;morton;4.0;3.0;180.0;morton;5.0;4.0;360.0;morton;6.0;5.0;360.0;morton;7.0;6.0;360.0;morton;8.0;7.0;360.0;morton;9.0;8.0;720.0;morton
45;2;1;92;morton;3.0;2.0;184.0;morton;4.0;3.0;184.0;morton;5.0;4.0;368.0;morton;6.0;5.0;368.0;morton;7.0;6.0;368.0;morton;8.0;7.0;368.0;morton;9.0;8.0;736.0;morton
46;2;1;94;morton;3.0;2.0;188.0;morton;4.0;3.0;188.0;morton;5.0;4.0;376.0;morton;6.0;5.0;376.0;morton;7.0;6.0;376.0;morton;8.0;7.0;376.0;morton;9.0;8.0;752.0;morton
47;2;1;96;morton;3.0;2.0;192.0;morton;4.0;3.0;192.0;morton;5.0;4.0;384.0;morton;6.0;5.0;384.0;morton;7.0;6.0;384.0;morton;8.0;7.0;384.0;morton;9.0;8.0;768.0;morton
48;2;1;98;morton;3.0;2.0;196.0;morton;4.0;3.0;196.0;morton;5.0;4.0;392.0;morton;6.0;5.0;392.0;morton;7.0;6.0;392.0;morton;8.0;7.0;392.0;morton;9.0;8.0;784.0;morton
49;2;1;100;morton;3.0;2.0;200.0;morton;4.0;3.0;200.0;morton;5.0;4.0;400.0;morton;6.0;5.0;400.0;morton;7.0;6.0;400.0;morton;8.0;7.0;400.0;morton;9.0;8.0;800.0;morton
50;2;1;102;morton;3.0;2.0;204.0;morton;4.0;3.0;204.0;morton;5.0;4.0;408.0;morton;6.0;5.0;408.0;morton;7.0;6.0;408.0;morton;8.0;7.0;408.0;morton;9.0;8.0;816.0;morton
51;2;1;104;morton;3.0;2.0;208.0;morton;4.0;3.0;208.0;morton;5.0;4.0;416.0;morton;6.0;5.0;416.0;morton;7.0;6.0;416.0;morton;8.0;7.0;416.0;morton;9.0;8.0;832.0;morton
52;2;1;106;morton;3.0;2.0;212.0;morton;4.0;3.0;212.0;morton;5.0;4.0;424.0;morton;6.0;5.0;424.0;morton;7.0;6.0;424.0;morton;8.0;7.0;424.0;morton;9.0;8.0;848.0;morton
53;2;1;108;morton;3.0;2.0;216.0;morton;4.0;3.0;216.0;morton;5.0;4.0;432.0;morton;6.0;5.0;432.0;morton;7.0;6.0;432.0;morton;8.0;7.0;432.0;morton;9.0;8.0;864.0;morton
54;2;1;110;morton;3.0;2.0;220.0;morton;4.0;3.0;220.0;morton;5.0;4.0;440.0;morton;6.0;5.0;440.0;morton;7.0;6.0;440.0;morton;8.0;7.0;440.0;morton;9.0;8.0;880.0;morton
55;2;1;112;morton;3.0;2.0;224.0;morton;4.0;3.0;224.0;morton;5.0;4.0;448.0;morton;6.0;5.0;448.0;morton;7.0;6.0;448.0;morton;8.0;7.0;448.0;morton;9.0;8.0;896.0;morton
56;2;1;114;morton;3.0;2.0;228.0;morton;4.0;3.0;228.0;morton;5.0;4.0;456.0;morton;6.0;5.0;456.0;morton;7.0;6.0;456.0;morton;8.0;7.0;456.0;morton;9.0;8.0;912.0;morton
57;2;1;116;morton;3.0;2.0;232.0;morton;4.0;3.0;232.0;morton;5.0;4.0;464.0;morton;6.0;5.0;464.0;morton;7.0;6.0;464.0;morton;8.0;7.0;464.0;morton;9.0;8.0;928.0;morton
58;2;1;118;morton;3.0;2.0;236.0;morton;4.0;3.0;236.0;morton;5.0;4.0;472.0;morton;6.0;5.0;472.0;morton;7.0;6.0;472.0;morton;8.0;7.0;472.0;morton;9.0;8.0;944.0;morton
59;2;1;120;morton;3.0;2.0;240.0;morton;4.0;3.0;240.0;morton;5.0;4.0;480.0;morton;6.0;5.0;480.0;morton;7.0;6.0;480.0;morton;8.0;7.0;480.0;morton;9.0;8.0;960.0;morton
60;2;1;122;morton;3.0;2.0;244.0;morton;4.0;3.0;244.0;morton;5.0;4.0;488.0;morton;6.0;5.0;488.0;morton;7.0;6.0;488.0;morton;8.0;7.0;488.0;morton;9.0;8.0;976.0;morton
61;2;1;124;morton;3.0;2.0;248.0;morton;4.0;3.0;248.0;morton;5.0;4.0;496.0;morton;6.0;5.0;496.0;morton;7.0;6.0;496.0;morton;8.0;7.0;496.0;morton;9.0;8.0;992.0;morton
62;2;1;126;morton;3.0;2.0;252.0;morton;4.0;3.0;252.0;morton;5.0;4.0;504.0;morton;6.0;5.0;504.0;morton;7.0;6.0;504.0;morton;8.0;7.0;504.0;morton;;;;
63;2;1;128;morton;3.0;2.0;256.0;morton;4.0;3.0;256.0;morton;5.0;4.0;512.0;morton;6.0;5.0;512.0;morton;7.0;6.0;512.0;morton;8.0;7.0;512.0;morton;;;;
64;2;1;130;morton;3.0;2.0;260.0;morton;4.0;3.0;260.0;morton;5.0;4.0;520.0;morton;6.0;5.0;520.0;morton;7.0;6.0;520.0;morton;8.0;7.0;520.0;morton;;;;
65;2;1;132;morton;3.0;2.0;264.0;morton;4.0;3.0;264.0;morton;5.0;4.0;528.0;morton;6.0;5.0;528.0;morton;7.0;6.0;528.0;morton;8.0;7.0;528.0;morton;;;;
66;2;1;134;morton;3.0;2.0;268.0;morton;4.0;3.0;268.0;morton;5.0;4.0;536.0;morton;6.0;5.0;536.0;morton;7.0;6.0;536.0;morton;8.0;7.0;536.0;morton;;;;
67;2;1;136;morton;3.0;2.0;272.0;morton;4.0;3.0;272.0;morton;5.0;4.0;544.0;morton;6.0;5.0;544.0;morton;7.0;6.0;544.0;morton;8.0;7.0;544.0;morton;;;;
68;2;1;138;morton;3.0;2.0;276.0;morton;4.0;3.0;276.0;morton;5.0;4.0;552.0;morton;6.0;5.0;552.0;morton;7.0;6.0;552.0;morton;8.0;7.0;552.0;morton;;;;
69;2;1;140;morton;3.0;2.0;280.0;morton;4.0;3.0;280.0;morton;5.0;4.0;560.0;morton;6.0;5.0;560.0;morton;7.0;6.0;560.0;morton;8.0;7.0;560.0;morton;;;;
70;2;1;142;morton;3.0;2.0;284.0;morton;4.0;3.0;284.0;morton;5.0;4.0;568.0;morton;6.0;5.0;568.0;morton;7.0;6.0;568.0;morton;8.0;7.0;568.0;morton;;;;
71;2;1;144;morton;3.0;2.0;288.0;morton;4.0;3.0;288.0;morton;5.0;4.0;576.0;morton;6.0;5.0;576.0;morton;7.0;6.0;576.0;morton;8.0;7.0;576.0;morton;;;;
72;2;1;146;morton;3.0;2.0;292.0;morton;4.0;3.0;292.0;morton;5.0;4.0;584.0;morton;6.0;5.0;584.0;morton;7.0;6.0;584.0;morton;8.0;7.0;584.0;morton;;;;
73;2;1;148;morton;3.0;2.0;296.0;morton;4.0;3.0;296.0;morton;5.0;4.0;592.0;morton;6.0;5.0;592.0;morton;7.0;6.0;592.0;morton;8.0;7.0;592.0;morton;;;;
74;2;1;150;morton;3.0;2.0;300.0;morton;4.0;3.0;300.0;morton;5.0;4.0;600.0;morton;6.0;5.0;600.0;morton;7.0;6.0;600.0;morton;8.0;7.0;600.0;morton;;;;
75;2;1;152;morton;3.0;2.0;304.0;morton;4.0;3.0;304.0;morton;5.0;4.0;608.0;morton;6.0;5.0;608.0;morton;7.0;6.0;608.0;morton;8.0;7.0;608.0;morton;;;;
76;2;1;154;morton;3.0;2.0;308.0;morton;4.0;3.0;308.0;morton;5.0;4.0;616.0;morton;6.0;5.0;616.0;morton;7.0;6.0;616.0;morton;8.0;7.0;616.0;morton;;;;
77;2;1;156;morton;3.0;2.0;312.0;morton;4.0;3.0;312.0;morton;5.0;4.0;624.0;morton;6.0;5.0;624.0;morton;7.0;6.0;624.0;morton;8.0;7.0;624.0;morton;;;;
78;2;1;158;morton;3.0;2.0;316.0;morton;4.0;3.0;316.0;morton;5.0;4.0;632.0;morton;6.0;5.0;632.0;morton;7.0;6.0;632.0;morton;8.0;7.0;632.0;morton;;;;
79;2;1;160;morton;3.0;2.0;320.0;morton;4.0;3.0;320.0;morton;5.0;4.0;640.0;morton;6.0;5.0;640.0;morton;7.0;6.0;640.0;morton;8.0;7.0;640.0;morton;;;;
80;2;1;162;morton;3.0;2.0;324.0;morton;4.0;3.0;324.0;morton;5.0;4.0;648.0;morton;6.0;5.0;648.0;morton;7.0;6.0;648.0;morton;8.0;7.0;648.0;morton;;;;
81;2;1;164;morton;3.0;2.0;328.0;morton;4.0;3.0;328.0;morton;5.0;4.0;656.0;morton;6.0;5.0;656.0;morton;7.0;6.0;656.0;morton;8.0;7.0;656.0;morton;;;;
82;2;1;166;morton;3.0;2.0;332.0;morton;4.0;3.0;332.0;morton;5.0;4.0;664.0;morton;6.0;5.0;664.0;morton;7.0;6.0;664.0;morton;8.0;7.0;664.0;morton;;;;
83;2;1;168;morton;3.0;2.0;336.0;morton;4.0;3.0;336.0;morton;5.0;4.0;672.0;morton;6.0;5.0;672.0;morton;7.0;6.0;672.0;morton;8.0;7.0;672.0;morton;;;;
84;2;1;170;morton;3.0;2.0;340.0;morton;4.0;3.0;340.0;morton;5.0;4.0;680.0;morton;6.0;5.0;680.0;morton;7.0;6.0;680.0;morton;8.0;7.0;680.0;morton;;;;
85;2;1;172;morton;3.0;2.0;344.0;morton;4.0;3.0;344.0;morton;5.0;4.0;688.0;morton;6.0;5.0;688.0;morton;7.0;6.0;688.0;morton;8.0;7.0;688.0;morton;;;;
86;2;1;174;morton;3.0;2.0;348.0;morton;4.0;3.0;348.0;morton;5.0;4.0;696.0;morton;6.0;5.0;696.0;morton;7.0;6.0;696.0;morton;8.0;7.0;696.0;morton;;;;
87;2;1;176;morton;3.0;2.0;352.0;morton;4.0;3.0;352.0;morton;5.0;4.0;704.0;morton;6.0;5.0;704.0;morton;7.0;6.0;704.0;morton;8.0;7.0;704.0;morton;;;;
88;2;1;178;morton;3.0;2.0;356.0;morton;4.0;3.0;356.0;morton;5.0;4.0;712.0;morton;6.0;5.0;712.0;morton;7.0;6.0;712.0;morton;8.0;7.0;712.0;morton;;;;
89;2;1;180;morton;3.0;2.0;360.0;morton;4.0;3.0;360.0;morton;5.0;4.0;720.0;morton;6.0;5.0;720.0;morton;7.0;6.0;720.0;morton;8.0;7.0;720.0;morton;;;;
90;2;1;182;morton;3.0;2.0;364.0;morton;4.0;3.0;364.0;morton;5.0;4.0;728.0;morton;6.0;5.0;728.0;morton;7.0;6.0;728.0;morton;8.0;7.0;728.0;morton;;;;
91;2;1;184;morton;3.0;2.0;368.0;morton;4.0;3.0;368.0;morton;5.0;4.0;736.0;morton;6.0;5.0;736.0;morton;7.0;6.0;736.0;morton;8.0;7.0;736.0;morton;;;;
92;2;1;186;morton;3.0;2.0;372.0;morton;4.0;3.0;372.0;morton;5.0;4.0;744.0;morton;6.0;5.0;744.0;morton;7.0;6.0;744.0;morton;8.0;7.0;744.0;morton;;;;
93;2;1;188;morton;3.0;2.0;376.0;morton;4.0;3.0;376.0;morton;5.0;4.0;752.0;morton;6.0;5.0;752.0;morton;7.0;6.0;752.0;morton;8.0;7.0;752.0;morton;;;;
94;2;1;190;morton;3.0;2.0;380.0;morton;4.0;3.0;380.0;morton;5.0;4.0;760.0;morton;6.0;5.0;760.0;morton;7.0;6.0;760.0;morton;8.0;7.0;760.0;morton;;;;
95;2;1;192;morton;3.0;2.0;384.0;morton;4.0;3.0;384.0;morton;5.0;4.0;768.0;morton;6.0;5.0;768.0;morton;7.0;6.0;768.0;morton;8.0;7.0;768.0;morton;;;;
96;2;1;194;morton;3.0;2.0;388.0;morton;4.0;3.0;388.0;morton;5.0;4.0;776.0;morton;6.0;5.0;776.0;morton;7.0;6.0;776.0;morton;8.0;7.0;776.0;morton;;;;
97;2;1;196;morton;3.0;2.0;392.0;morton;4.0;3.0;392.0;morton;5.0;4.0;784.0;morton;6.0;5.0;784.0;morton;7.0;6.0;784.0;morton;8.0;7.0;784.0;morton;;;;
98;2;1;198;morton;3.0;2.0;396.0;morton;4.0;3.0;396.0;morton;5.0;4.0;792.0;morton;6.0;5.0;792.0;morton;7.0;6.0;792.0;morton;8.0;7.0;792.0;morton;;;;
99;2;1;200;morton;3.0;2.0;400.0;morton;4.0;3.0;400.0;morton;5.0;4.0;800.0;morton;6.0;5.0;800.0;morton;7.0;6.0;800.0;morton;8.0;7.0;800.0;morton;;;;
100;2;1;202;morton;3.0;2.0;404.0;morton;4.0;3.0;404.0;morton;5.0;4.0;808.0;morton;6.0;5.0;808.0;morton;7.0;6.0;808.0;morton;8.0;7.0;808.0;morton;;;;
101;2;1;204;morton;3.0;2.0;408.0;morton;4.0;3.0;408.0;morton;5.0;4.0;816.0;morton;6.0;5.0;816.0;morton;7.0;6.0;816.0;morton;8.0;7.0;816.0;morton;;;;
102;2;1;206;morton;3.0;2.0;412.0;morton;4.0;3.0;412.0;morton;5.0;4.0;824.0;morton;6.0;5.0;824.0;morton;7.0;6.0;824.0;morton;8.0;7.0;824.0;morton;;;;
103;2;1;208;morton;3.0;2.0;416.0;morton;4.0;3.0;416.0;morton;5.0;4.0;832.0;morton;6.0;5.0;832.0;morton;7.0;6.0;832.0;morton;8.0;7.0;832.0;morton;;;;
104;2;1;210;morton;3.0;2.0;420.0;morton;4.0;3.0;420.0;morton;5.0;4.0;840.0;morton;6.0;5.0;840.0;morton;7.0;6.0;840.0;morton;8.0;7.0;840.0;morton;;;;
105;2;1;212;morton;3.0;2.0;424.0;morton;4.0;3.0;424.0;morton;5.0;4.0;848.0;morton;6.0;5.0;848.0;morton;7.0;6.0;848.0;morton;8.0;7.0;848.0;morton;;;;
106;2;1;214;morton;3.0;2.0;428.0;morton;4.0;3.0;428.0;morton;5.0;4.0;856.0;morton;6.0;5.0;856.0;morton;7.0;6.0;856.0;morton;8.0;7.0;856.0;morton;;;;
107;2;1;216;morton;3.0;2.0;432.0;morton;4.0;3.0;432.0;morton;5.0;4.0;864.0;morton;6.0;5.0;864.0;morton;7.0;6.0;864.0;morton;8.0;7.0;864.0;morton;;;;
108;2;1;218;morton;3.0;2.0;436.0;morton;4.0;3.0;436.0;morton;5.0;4.0;872.0;morton;6.0;5.0;872.0;morton;7.0;6.0;872.0;morton;8.0;7.0;872.0;morton;;;;
109;2;1;220;morton;3.0;2.0;440.0;morton;4.0;3.0;440.0;morton;5.0;4.0;880.0;morton;6.0;5.0;880.0;morton;7.0;6.0;880.0;morton;8.0;7.0;880.0;morton;;;;
110;2;1;222;morton;3.0;2.0;444.0;morton;4.0;3.0;444.0;morton;5.0;4.0;888.0;morton;6.0;5.0;888.0;morton;7.0;6.0;888.0;morton;8.0;7.0;888.0;morton;;;;
111;2;1;224;morton;3.0;2.0;448.0;morton;4.0;3.0;448.0;morton;5.0;4.0;896.0;morton;6.0;5.0;896.0;morton;7.0;6.0;896.0;morton;8.0;7.0;896.0;morton;;;;
112;2;1;226;morton;3.0;2.0;452.0;morton;4.0;3.0;452.0;morton;5.0;4.0;904.0;morton;6.0;5.0;904.0;morton;7.0;6.0;904.0;morton;8.0;7.0;904.0;morton;;;;
113;2;1;228;morton;3.0;2.0;456.0;morton;4.0;3.0;456.0;morton;5.0;4.0;912.0;morton;6.0;5.0;912.0;morton;7.0;6.0;912.0;morton;8.0;7.0;912.0;morton;;;;
114;2;1;230;morton;3.0;2.0;460.0;morton;4.0;3.0;460.0;morton;5.0;4.0;920.0;morton;6.0;5.0;920.0;morton;7.0;6.0;920.0;morton;8.0;7.0;920.0;morton;;;;
115;2;1;232;morton;3.0;2.0;464.0;morton;4.0;3.0;464.0;morton;5.0;4.0;928.0;morton;6.0;5.0;928.0;morton;7.0;6.0;928.0;morton;8.0;7.0;928.0;morton;;;;
116;2;1;234;morton;3.0;2.0;468.0;morton;4.0;3.0;468.0;morton;5.0;4.0;936.0;morton;6.0;5.0;936.0;morton;7.0;6.0;936.0;morton;8.0;7.0;936.0;morton;;;;
117;2;1;236;morton;3.0;2.0;472.0;morton;4.0;3.0;472.0;morton;5.0;4.0;944.0;morton;6.0;5.0;944.0;morton;7.0;6.0;944.0;morton;8.0;7.0;944.0;morton;;;;
118;2;1;238;morton;3.0;2.0;476.0;morton;4.0;3.0;476.0;morton;5.0;4.0;952.0;morton;6.0;5.0;952.0;morton;7.0;6.0;952.0;morton;8.0;7.0;952.0;morton;;;;
119;2;1;240;morton;3.0;2.0;480.0;morton;4.0;3.0;480.0;morton;5.0;4.0;960.0;morton;6.0;5.0;960.0;morton;7.0;6.0;960.0;morton;8.0;7.0;960.0;morton;;;;
120;2;1;242;morton;3.0;2.0;484.0;morton;4.0;3.0;484.0;morton;5.0;4.0;968.0;morton;6.0;5.0;968.0;morton;7.0;6.0;968.0;morton;8.0;7.0;968.0;morton;;;;
121;2;1;244;morton;3.0;2.0;488.0;morton;4.0;3.0;488.0;morton;5.0;4.0;976.0;morton;6.0;5.0;976.0;morton;7.0;6.0;976.0;morton;8.0;7.0;976.0;morton;;;;
122;2;1;246;morton;3.0;2.0;492.0;morton;4.0;3.0;492.0;morton;5.0;4.0;984.0;morton;6.0;5.0;984.0;morton;7.0;6.0;984.0;morton;8.0;7.0;984.0;morton;;;;
123;2;1;248;morton;3.0;2.0;496.0;morton;4.0;3.0;496.0;morton;5.0;4.0;992.0;morton;6.0;5.0;992.0;morton;7.0;6.0;992.0;morton;8.0;7.0;992.0;morton;;;;
124;2;1;250;morton;3.0;2.0;500.0;morton;4.0;3.0;500.0;morton;;;;;;;;;;;;;;;;;;;;
125;2;1;252;morton;3.0;2.0;504.0;morton;4.0;3.0;504.0;morton;;;;;;;;;;;;;;;;;;;;
126;2;1;254;morton;3.0;2.0;508.0;morton;4.0;3.0;508.0;morton;;;;;;;;;;;;;;;;;;;;
127;2;1;256;morton;3.0;2.0;512.0;morton;4.0;3.0;512.0;morton;;;;;;;;;;;;;;;;;;;;
128;2;1;258;morton;3.0;2.0;516.0;morton;4.0;3.0;516.0;morton;;;;;;;;;;;;;;;;;;;;
129;2;1;260;morton;3.0;2.0;520.0;morton;4.0;3.0;520.0;morton;;;;;;;;;;;;;;;;;;;;
130;2;1;262;morton;3.0;2.0;524.0;morton;4.0;3.0;524.0;morton;;;;;;;;;;;;;;;;;;;;
131;2;1;264;morton;3.0;2.0;528.0;morton;4.0;3.0;528.0;morton;;;;;;;;;;;;;;;;;;;;
132;2;1;266;morton;3.0;2.0;532.0;morton;4.0;3.0;532.0;morton;;;;;;;;;;;;;;;;;;;;
133;2;1;268;morton;3.0;2.0;536.0;morton;4.0;3.0;536.0;morton;;;;;;;;;;;;;;;;;;;;
134;2;1;270;morton;3.0;2.0;540.0;morton;4.0;3.0;540.0;morton;;;;;;;;;;;;;;;;;;;;
135;2;1;272;morton;3.0;2.0;544.0;morton;4.0;3.0;544.0;morton;;;;;;;;;;;;;;;;;;;;
136;2;1;274;morton;3.0;2.0;548.0;morton;4.0;3.0;548.0;morton;;;;;;;;;;;;;;;;;;;;
137;2;1;276;morton;3.0;2.0;552.0;morton;4.0;3.0;552.0;morton;;;;;;;;;;;;;;;;;;;;
138;2;1;278;morton;3.0;2.0;556.0;morton;4.0;3.0;556.0;morton;;;;;;;;;;;;;;;;;;;;
139;2;1;280;morton;3.0;2.0;560.0;morton;4.0;3.0;560.0;morton;;;;;;;;;;;;;;;;;;;;
140;2;1;282;morton;3.0;2.0;564.0;morton;4.0;3.0;564.0;morton;;;;;;;;;;;;;;;;;;;;
141;2;1;284;morton;3.0;2.0;568.0;morton;4.0;3.0;568.0;morton;;;;;;;;;;;;;;;;;;;;
142;2;1;286;morton;3.0;2.0;572.0;morton;4.0;3.0;572.0;morton;;;;;;;;;;;;;;;;;;;;
143;2;1;288;morton;3.0;2.0;576.0;morton;4.0;3.0;576.0;morton;;;;;;;;;;;;;;;;;;;;
144;2;1;290;morton;3.0;2.0;580.0;morton;4.0;3.0;580.0;morton;;;;;;;;;;;;;;;;;;;;
145;2;1;292;morton;3.0;2.0;584.0;morton;4.0;3.0;584.0;morton;;;;;;;;;;;;;;;;;;;;
146;2;1;294;morton;3.0;2.0;588.0;morton;4.0;3.0;588.0;morton;;;;;;;;;;;;;;;;;;;;
147;2;1;296;morton;3.0;2.0;592.0;morton;4.0;3.0;592.0;morton;;;;;;;;;;;;;;;;;;;;
148;2;1;298;morton;3.0;2.0;596.0;morton;4.0;3.0;596.0;morton;;;;;;;;;;;;;;;;;;;;
149;2;1;300;morton;3.0;2.0;600.0;morton;4.0;3.0;600.0;morton;;;;;;;;;;;;;;;;;;;;
150;2;1;302;morton;3.0;2.0;604.0;morton;4.0;3.0;604.0;morton;;;;;;;;;;;;;;;;;;;;
151;2;1;304;morton;3.0;2.0;608.0;morton;4.0;3.0;608.0;morton;;;;;;;;;;;;;;;;;;;;
152;2;1;306;morton;3.0;2.0;612.0;morton;4.0;3.0;612.0;morton;;;;;;;;;;;;;;;;;;;;
153;2;1;308;morton;3.0;2.0;616.0;morton;4.0;3.0;616.0;morton;;;;;;;;;;;;;;;;;;;;
154;2;1;310;morton;3.0;2.0;620.0;morton;4.0;3.0;620.0;morton;;;;;;;;;;;;;;;;;;;;
155;2;1;312;morton;3.0;2.0;624.0;morton;4.0;3.0;624.0;morton;;;;;;;;;;;;;;;;;;;;
156;2;1;314;morton;3.0;2.0;628.0;morton;4.0;3.0;628.0;morton;;;;;;;;;;;;;;;;;;;;
157;2;1;316;morton;3.0;2.0;632.0;morton;4.0;3.0;632.0;morton;;;;;;;;;;;;;;;;;;;;
158;2;1;318;morton;3.0;2.0;636.0;morton;4.0;3.0;636.0;morton;;;;;;;;;;;;;;;;;;;;
159;2;1;320;morton;3.0;2.0;640.0;morton;4.0;3.0;640.0;morton;;;;;;;;;;;;;;;;;;;;
160;2;1;322;morton;3.0;2.0;644.0;morton;4.0;3.0;644.0;morton;;;;;;;;;;;;;;;;;;;;
161;2;1;324;morton;3.0;2.0;648.0;morton;4.0;3.0;648.0;morton;;;;;;;;;;;;;;;;;;;;
162;2;1;326;morton;3.0;2.0;652.0;morton;4.0;3.0;652.0;morton;;;;;;;;;;;;;;;;;;;;
163;2;1;328;morton;3.0;2.0;656.0;morton;4.0;3.0;656.0;morton;;;;;;;;;;;;;;;;;;;;
164;2;1;330;morton;3.0;2.0;660.0;morton;4.0;3.0;660.0;morton;;;;;;;;;;;;;;;;;;;;
165;2;1;332;morton;3.0;2.0;664.0;morton;4.0;3.0;664.0;morton;;;;;;;;;;;;;;;;;;;;
166;2;1;334;morton;3.0;2.0;668.0;morton;4.0;3.0;668.0;morton;;;;;;;;;;;;;;;;;;;;
167;2;1;336;morton;3.0;2.0;672.0;morton;4.0;3.0;672.0;morton;;;;;;;;;;;;;;;;;;;;
168;2;1;338;morton;3.0;2.0;676.0;morton;4.0;3.0;676.0;morton;;;;;;;;;;;;;;;;;;;;
169;2;1;340;morton;3.0;2.0;680.0;morton;4.0;3.0;680.0;morton;;;;;;;;;;;;;;;;;;;;
170;2;1;342;morton;3.0;2.0;684.0;morton;4.0;3.0;684.0;morton;;;;;;;;;;;;;;;;;;;;
171;2;1;344;morton;3.0;2.0;688.0;morton;4.0;3.0;688.0;morton;;;;;;;;;;;;;;;;;;;;
172;2;1;346;morton;3.0;2.0;692.0;morton;4.0;3.0;692.0;morton;;;;;;;;;;;;;;;;;;;;
173;2;1;348;morton;3.0;2.0;696.0;morton;4.0;3.0;696.0;morton;;;;;;;;;;;;;;;;;;;;
174;2;1;350;morton;3.0;2.0;700.0;morton;4.0;3.0;700.0;morton;;;;;;;;;;;;;;;;;;;;
175;2;1;352;morton;3.0;2.0;704.0;morton;4.0;3.0;704.0;morton;;;;;;;;;;;;;;;;;;;;
176;2;1;354;morton;3.0;2.0;708.0;morton;4.0;3.0;708.0;morton;;;;;;;;;;;;;;;;;;;;
177;2;1;356;morton;3.0;2.0;712.0;morton;4.0;3.0;712.0;morton;;;;;;;;;;;;;;;;;;;;
178;2;1;358;morton;3.0;2.0;716.0;morton;4.0;3.0;716.0;morton;;;;;;;;;;;;;;;;;;;;
179;2;1;360;morton;3.0;2.0;720.0;morton;4.0;3.0;720.0;morton;;;;;;;;;;;;;;;;;;;;
180;2;1;362;morton;3.0;2.0;724.0;morton;4.0;3.0;724.0;morton;;;;;;;;;;;;;;;;;;;;
181;2;1;364;morton;3.0;2.0;728.0;morton;4.0;3.0;728.0;morton;;;;;;;;;;;;;;;;;;;;
182;2;1;366;morton;3.0;2.0;732.0;morton;4.0;3.0;732.0;morton;;;;;;;;;;;;;;;;;;;;
183;2;1;368;morton;3.0;2.0;736.0;morton;4.0;3.0;736.0;morton;;;;;;;;;;;;;;;;;;;;
184;2;1;370;morton;3.0;2.0;740.0;morton;4.0;3.0;740.0;morton;;;;;;;;;;;;;;;;;;;;
185;2;1;372;morton;3.0;2.0;744.0;morton;4.0;3.0;744.0;morton;;;;;;;;;;;;;;;;;;;;
186;2;1;374;morton;3.0;2.0;748.0;morton;4.0;3.0;748.0;morton;;;;;;;;;;;;;;;;;;;;
187;2;1;376;morton;3.0;2.0;752.0;morton;4.0;3.0;752.0;morton;;;;;;;;;;;;;;;;;;;;
188;2;1;378;morton;3.0;2.0;756.0;morton;4.0;3.0;756.0;morton;;;;;;;;;;;;;;;;;;;;
189;2;1;380;morton;3.0;2.0;760.0;morton;4.0;3.0;760.0;morton;;;;;;;;;;;;;;;;;;;;
190;2;1;382;morton;3.0;2.0;764.0;morton;4.0;3.0;764.0;morton;;;;;;;;;;;;;;;;;;;;
191;2;1;384;morton;3.0;2.0;768.0;morton;4.0;3.0;768.0;morton;;;;;;;;;;;;;;;;;;;;
192;2;1;386;morton;3.0;2.0;772.0;morton;4.0;3.0;772.0;morton;;;;;;;;;;;;;;;;;;;;
193;2;1;388;morton;3.0;2.0;776.0;morton;4.0;3.0;776.0;morton;;;;;;;;;;;;;;;;;;;;
194;2;1;390;morton;3.0;2.0;780.0;morton;4.0;3.0;780.0;morton;;;;;;;;;;;;;;;;;;;;
195;2;1;392;morton;3.0;2.0;784.0;morton;4.0;3.0;784.0;morton;;;;;;;;;;;;;;;;;;;;
196;2;1;394;morton;3.0;2.0;788.0;morton;4.0;3.0;788.0;morton;;;;;;;;;;;;;;;;;;;;
197;2;1;396;morton;3.0;2.0;792.0;morton;4.0;3.0;792.0;morton;;;;;;;;;;;;;;;;;;;;
198;2;1;398;morton;3.0;2.0;796.0;morton;4.0;3.0;796.0;morton;;;;;;;;;;;;;;;;;;;;
199;2;1;400;morton;3.0;2.0;800.0;morton;4.0;3.0;800.0;morton;;;;;;;;;;;;;;;;;;;;
200;2;1;402;morton;3.0;2.0;804.0;morton;4.0;3.0;804.0;morton;;;;;;;;;;;;;;;;;;;;
201;2;1;404;morton;3.0;2.0;808.0;morton;4.0;3.0;808.0;morton;;;;;;;;;;;;;;;;;;;;
202;2;1;406;morton;3.0;2.0;812.0;morton;4.0;3.0;812.0;morton;;;;;;;;;;;;;;;;;;;;
203;2;1;408;morton;3.0;2.0;816.0;morton;4.0;3.0;816.0;morton;;;;;;;;;;;;;;;;;;;;
204;2;1;410;morton;3.0;2.0;820.0;morton;4.0;3.0;820.0;morton;;;;;;;;;;;;;;;;;;;;
205;2;1;412;morton;3.0;2.0;824.0;morton;4.0;3.0;824.0;morton;;;;;;;;;;;;;;;;;;;;
206;2;1;414;morton;3.0;2.0;828.0;morton;4.0;3.0;828.0;morton;;;;;;;;;;;;;;;;;;;;
207;2;1;416;morton;3.0;2.0;832.0;morton;4.0;3.0;832.0;morton;;;;;;;;;;;;;;;;;;;;
208;2;1;418;morton;3.0;2.0;836.0;morton;4.0;3.0;836.0;morton;;;;;;;;;;;;;;;;;;;;
209;2;1;420;morton;3.0;2.0;840.0;morton;4.0;3.0;840.0;morton;;;;;;;;;;;;;;;;;;;;
210;2;1;422;morton;3.0;2.0;844.0;morton;4.0;3.0;844.0;morton;;;;;;;;;;;;;;;;;;;;
211;2;1;424;morton;3.0;2.0;848.0;morton;4.0;3.0;848.0;morton;;;;;;;;;;;;;;;;;;;;
212;2;1;426;morton;3.0;2.0;852.0;morton;4.0;3.0;852.0;morton;;;;;;;;;;;;;;;;;;;;
213;2;1;428;morton;3.0;2.0;856.0;morton;4.0;3.0;856.0;morton;;;;;;;;;;;;;;;;;;;;
214;2;1;430;morton;3.0;2.0;860.0;morton;4.0;3.0;860.0;morton;;;;;;;;;;;;;;;;;;;;
215;2;1;432;morton;3.0;2.0;864.0;morton;4.0;3.0;864.0;morton;;;;;;;;;;;;;;;;;;;;
216;2;1;434;morton;3.0;2.0;868.0;morton;4.0;3.0;868.0;morton;;;;;;;;;;;;;;;;;;;;
217;2;1;436;morton;3.0;2.0;872.0;morton;4.0;3.0;872.0;morton;;;;;;;;;;;;;;;;;;;;
218;2;1;438;morton;3.0;2.0;876.0;morton;4.0;3.0;876.0;morton;;;;;;;;;;;;;;;;;;;;
219;2;1;440;morton;3.0;2.0;880.0;morton;4.0;3.0;880.0;morton;;;;;;;;;;;;;;;;;;;;
220;2;1;442;morton;3.0;2.0;884.0;morton;4.0;3.0;884.0;morton;;;;;;;;;;;;;;;;;;;;
221;2;1;444;morton;3.0;2.0;888.0;morton;4.0;3.0;888.0;morton;;;;;;;;;;;;;;;;;;;;
222;2;1;446;morton;3.0;2.0;892.0;morton;4.0;3.0;892.0;morton;;;;;;;;;;;;;;;;;;;;
223;2;1;448;morton;3.0;2.0;896.0;morton;4.0;3.0;896.0;morton;;;;;;;;;;;;;;;;;;;;
224;2;1;450;morton;3.0;2.0;900.0;morton;4.0;3.0;900.0;morton;;;;;;;;;;;;;;;;;;;;
225;2;1;452;morton;3.0;2.0;904.0;morton;4.0;3.0;904.0;morton;;;;;;;;;;;;;;;;;;;;
226;2;1;454;morton;3.0;2.0;908.0;morton;4.0;3.0;908.0;morton;;;;;;;;;;;;;;;;;;;;
227;2;1;456;morton;3.0;2.0;912.0;morton;4.0;3.0;912.0;morton;;;;;;;;;;;;;;;;;;;;
228;2;1;458;morton;3.0;2.0;916.0;morton;4.0;3.0;916.0;morton;;;;;;;;;;;;;;;;;;;;
229;2;1;460;morton;3.0;2.0;920.0;morton;4.0;3.0;920.0;morton;;;;;;;;;;;;;;;;;;;;
230;2;1;462;morton;3.0;2.0;924.0;morton;4.0;3.0;924.0;morton;;;;;;;;;;;;;;;;;;;;
231;2;1;464;morton;3.0;2.0;928.0;morton;4.0;3.0;928.0;morton;;;;;;;;;;;;;;;;;;;;
232;2;1;466;morton;3.0;2.0;932.0;morton;4.0;3.0;932.0;morton;;;;;;;;;;;;;;;;;;;;
233;2;1;468;morton;3.0;2.0;936.0;morton;4.0;3.0;936.0;morton;;;;;;;;;;;;;;;;;;;;
234;2;1;470;morton;3.0;2.0;940.0;morton;4.0;3.0;940.0;morton;;;;;;;;;;;;;;;;;;;;
235;2;1;472;morton;3.0;2.0;944.0;morton;4.0;3.0;944.0;morton;;;;;;;;;;;;;;;;;;;;
236;2;1;474;morton;3.0;2.0;948.0;morton;4.0;3.0;948.0;morton;;;;;;;;;;;;;;;;;;;;
237;2;1;476;morton;3.0;2.0;952.0;morton;4.0;3.0;952.0;morton;;;;;;;;;;;;;;;;;;;;
238;2;1;478;morton;3.0;2.0;956.0;morton;4.0;3.0;956.0;morton;;;;;;;;;;;;;;;;;;;;
239;2;1;480;morton;3.0;2.0;960.0;morton;4.0;3.0;960.0;morton;;;;;;;;;;;;;;;;;;;;
240;2;1;482;morton;3.0;2.0;964.0;morton;4.0;3.0;964.0;morton;;;;;;;;;;;;;;;;;;;;
241;2;1;484;morton;3.0;2.0;968.0;morton;4.0;3.0;968.0;morton;;;;;;;;;;;;;;;;;;;;
242;2;1;486;morton;3.0;2.0;972.0;morton;4.0;3.0;972.0;morton;;;;;;;;;;;;;;;;;;;;
243;2;1;488;morton;3.0;2.0;976.0;morton;4.0;3.0;976.0;morton;;;;;;;;;;;;;;;;;;;;
244;2;1;490;morton;3.0;2.0;980.0;morton;4.0;3.0;980.0;morton;;;;;;;;;;;;;;;;;;;;
245;2;1;492;morton;3.0;2.0;984.0;morton;4.0;3.0;984.0;morton;;;;;;;;;;;;;;;;;;;;
246;2;1;494;morton;3.0;2.0;988.0;morton;4.0;3.0;988.0;morton;;;;;;;;;;;;;;;;;;;;
247;2;1;496;morton;3.0;2.0;992.0;morton;4.0;3.0;992.0;morton;;;;;;;;;;;;;;;;;;;;
248;2;1;498;morton;3.0;2.0;996.0;morton;4.0;3.0;996.0;morton;;;;;;;;;;;;;;;;;;;;
249;2;1;500;morton;;;;;;;;;;;;;;;;;;;;;;;;;;;;
250;2;1;502;morton;;;;;;;;;;;;;;;;;;;;;;;;;;;;
251;2;1;504;morton;;;;;;;;;;;;;;;;;;;;;;;;;;;;
252;2;1;506;morton;;;;;;;;;;;;;;;;;;;;;;;;;;;;
253;2;1;508;morton;;;;;;;;;;;;;;;;;;;;;;;;;;;;
254;2;1;510;morton;;;;;;;;;;;;;;;;;;;;;;;;;;;;
255;2;1;512;morton;;;;;;;;;;;;;;;;;;;;;;;;;;;;
256;2;1;514;morton;;;;;;;;;;;;;;;;;;;;;;;;;;;;
257;2;1;516;morton;;;;;;;;;;;;;;;;;;;;;;;;;;;;
258;2;1;518;morton;;;;;;;;;;;;;;;;;;;;;;;;;;;;
259;2;1;520;morton;;;;;;;;;;;;;;;;;;;;;;;;;;;;
260;2;1;522;morton;;;;;;;;;;;;;;;;;;;;;;;;;;;;
261;2;1;524;morton;;;;;;;;;;;;;;;;;;;;;;;;;;;;
262;2;1;526;morton;;;;;;;;;;;;;;;;;;;;;;;;;;;;
263;2;1;528;morton;;;;;;;;;;;;;;;;;;;;;;;;;;;;
264;2;1;530;morton;;;;;;;;;;;;;;;;;;;;;;;;;;;;
265;2;1;532;morton;;;;;;;;;;;;;;;;;;;;;;;;;;;;
266;2;1;534;morton;;;;;;;;;;;;;;;;;;;;;;;;;;;;
267;2;1;536;morton;;;;;;;;;;;;;;;;;;;;;;;;;;;;
268;2;1;538;morton;;;;;;;;;;;;;;;;;;;;;;;;;;;;
269;2;1;540;morton;;;;;;;;;;;;;;;;;;;;;;;;;;;;
270;2;1;542;morton;;;;;;;;;;;;;;;;;;;;;;;;;;;;
271;2;1;544;morton;;;;;;;;;;;;;;;;;;;;;;;;;;;;
272;2;1;546;morton;;;;;;;;;;;;;;;;;;;;;;;;;;;;
273;2;1;548;morton;;;;;;;;;;;;;;;;;;;;;;;;;;;;
274;2;1;550;morton;;;;;;;;;;;;;;;;;;;;;;;;;;;;
275;2;1;552;morton;;;;;;;;;;;;;;;;;;;;;;;;;;;;
276;2;1;554;morton;;;;;;;;;;;;;;;;;;;;;;;;;;;;
277;2;1;556;morton;;;;;;;;;;;;;;;;;;;;;;;;;;;;
278;2;1;558;morton;;;;;;;;;;;;;;;;;;;;;;;;;;;;
279;2;1;560;morton;;;;;;;;;;;;;;;;;;;;;;;;;;;;
280;2;1;562;morton;;;;;;;;;;;;;;;;;;;;;;;;;;;;
281;2;1;564;morton;;;;;;;;;;;;;;;;;;;;;;;;;;;;
282;2;1;566;morton;;;;;;;;;;;;;;;;;;;;;;;;;;;;
283;2;1;568;morton;;;;;;;;;;;;;;;;;;;;;;;;;;;;
284;2;1;570;morton;;;;;;;;;;;;;;;;;;;;;;;;;;;;
285;2;1;572;morton;;;;;;;;;;;;;;;;;;;;;;;;;;;;
286;2;1;574;morton;;;;;;;;;;;;;;;;;;;;;;;;;;;;
287;2;1;576;morton;;;;;;;;;;;;;;;;;;;;;;;;;;;;
288;2;1;578;morton;;;;;;;;;;;;;;;;;;;;;;;;;;;;
289;2;1;580;morton;;;;;;;;;;;;;;;;;;;;;;;;;;;;
290;2;1;582;morton;;;;;;;;;;;;;;;;;;;;;;;;;;;;
291;2;1;584;morton;;;;;;;;;;;;;;;;;;;;;;;;;;;;
292;2;1;586;morton;;;;;;;;;;;;;;;;;;;;;;;;;;;;
293;2;1;588;morton;;;;;;;;;;;;;;;;;;;;;;;;;;;;
294;2;1;590;morton;;;;;;;;;;;;;;;;;;;;;;;;;;;;
295;2;1;592;morton;;;;;;;;;;;;;;;;;;;;;;;;;;;;
296;2;1;594;morton;;;;;;;;;;;;;;;;;;;;;;;;;;;;
297;2;1;596;morton;;;;;;;;;;;;;;;;;;;;;;;;;;;;
298;2;1;598;morton;;;;;;;;;;;;;;;;;;;;;;;;;;;;
299;2;1;600;morton;;;;;;;;;;;;;;;;;;;;;;;;;;;;
300;2;1;602;morton;;;;;;;;;;;;;;;;;;;;;;;;;;;;
301;2;1;604;morton;;;;;;;;;;;;;;;;;;;;;;;;;;;;
302;2;1;606;morton;;;;;;;;;;;;;;;;;;;;;;;;;;;;
303;2;1;608;morton;;;;;;;;;;;;;;;;;;;;;;;;;;;;
304;2;1;610;morton;;;;;;;;;;;;;;;;;;;;;;;;;;;;
305;2;1;612;morton;;;;;;;;;;;;;;;;;;;;;;;;;;;;
306;2;1;614;morton;;;;;;;;;;;;;;;;;;;;;;;;;;;;
307;2;1;616;morton;;;;;;;;;;;;;;;;;;;;;;;;;;;;
308;2;1;618;morton;;;;;;;;;;;;;;;;;;;;;;;;;;;;
309;2;1;620;morton;;;;;;;;;;;;;;;;;;;;;;;;;;;;
310;2;1;622;morton;;;;;;;;;;;;;;;;;;;;;;;;;;;;
311;2;1;624;morton;;;;;;;;;;;;;;;;;;;;;;;;;;;;
312;2;1;626;morton;;;;;;;;;;;;;;;;;;;;;;;;;;;;
313;2;1;628;morton;;;;;;;;;;;;;;;;;;;;;;;;;;;;
314;2;1;630;morton;;;;;;;;;;;;;;;;;;;;;;;;;;;;
315;2;1;632;morton;;;;;;;;;;;;;;;;;;;;;;;;;;;;
316;2;1;634;morton;;;;;;;;;;;;;;;;;;;;;;;;;;;;
317;2;1;636;morton;;;;;;;;;;;;;;;;;;;;;;;;;;;;
318;2;1;638;morton;;;;;;;;;;;;;;;;;;;;;;;;;;;;
319;2;1;640;morton;;;;;;;;;;;;;;;;;;;;;;;;;;;;
320;2;1;642;morton;;;;;;;;;;;;;;;;;;;;;;;;;;;;
321;2;1;644;morton;;;;;;;;;;;;;;;;;;;;;;;;;;;;
322;2;1;646;morton;;;;;;;;;;;;;;;;;;;;;;;;;;;;
323;2;1;648;morton;;;;;;;;;;;;;;;;;;;;;;;;;;;;
324;2;1;650;morton;;;;;;;;;;;;;;;;;;;;;;;;;;;;
325;2;1;652;morton;;;;;;;;;;;;;;;;;;;;;;;;;;;;
326;2;1;654;morton;;;;;;;;;;;;;;;;;;;;;;;;;;;;
327;2;1;656;morton;;;;;;;;;;;;;;;;;;;;;;;;;;;;
328;2;1;658;morton;;;;;;;;;;;;;;;;;;;;;;;;;;;;
329;2;1;660;morton;;;;;;;;;;;;;;;;;;;;;;;;;;;;
330;2;1;662;morton;;;;;;;;;;;;;;;;;;;;;;;;;;;;
331;2;1;664;morton;;;;;;;;;;;;;;;;;;;;;;;;;;;;
332;2;1;666;morton;;;;;;;;;;;;;;;;;;;;;;;;;;;;
333;2;1;668;morton;;;;;;;;;;;;;;;;;;;;;;;;;;;;
334;2;1;670;morton;;;;;;;;;;;;;;;;;;;;;;;;;;;;
335;2;1;672;morton;;;;;;;;;;;;;;;;;;;;;;;;;;;;
336;2;1;674;morton;;;;;;;;;;;;;;;;;;;;;;;;;;;;
337;2;1;676;morton;;;;;;;;;;;;;;;;;;;;;;;;;;;;
338;2;1;678;morton;;;;;;;;;;;;;;;;;;;;;;;;;;;;
339;2;1;680;morton;;;;;;;;;;;;;;;;;;;;;;;;;;;;
340;2;1;682;morton;;;;;;;;;;;;;;;;;;;;;;;;;;;;
341;2;1;684;morton;;;;;;;;;;;;;;;;;;;;;;;;;;;;
342;2;1;686;morton;;;;;;;;;;;;;;;;;;;;;;;;;;;;
343;2;1;688;morton;;;;;;;;;;;;;;;;;;;;;;;;;;;;
344;2;1;690;morton;;;;;;;;;;;;;;;;;;;;;;;;;;;;
345;2;1;692;morton;;;;;;;;;;;;;;;;;;;;;;;;;;;;
346;2;1;694;morton;;;;;;;;;;;;;;;;;;;;;;;;;;;;
347;2;1;696;morton;;;;;;;;;;;;;;;;;;;;;;;;;;;;
348;2;1;698;morton;;;;;;;;;;;;;;;;;;;;;;;;;;;;
349;2;1;700;morton;;;;;;;;;;;;;;;;;;;;;;;;;;;;
350;2;1;702;morton;;;;;;;;;;;;;;;;;;;;;;;;;;;;
351;2;1;704;morton;;;;;;;;;;;;;;;;;;;;;;;;;;;;
352;2;1;706;morton;;;;;;;;;;;;;;;;;;;;;;;;;;;;
353;2;1;708;morton;;;;;;;;;;;;;;;;;;;;;;;;;;;;
354;2;1;710;morton;;;;;;;;;;;;;;;;;;;;;;;;;;;;
355;2;1;712;morton;;;;;;;;;;;;;;;;;;;;;;;;;;;;
356;2;1;714;morton;;;;;;;;;;;;;;;;;;;;;;;;;;;;
357;2;1;716;morton;;;;;;;;;;;;;;;;;;;;;;;;;;;;
358;2;1;718;morton;;;;;;;;;;;;;;;;;;;;;;;;;;;;
359;2;1;720;morton;;;;;;;;;;;;;;;;;;;;;;;;;;;;
360;2;1;722;morton;;;;;;;;;;;;;;;;;;;;;;;;;;;;
361;2;1;724;morton;;;;;;;;;;;;;;;;;;;;;;;;;;;;
362;2;1;726;morton;;;;;;;;;;;;;;;;;;;;;;;;;;;;
363;2;1;728;morton;;;;;;;;;;;;;;;;;;;;;;;;;;;;
364;2;1;730;morton;;;;;;;;;;;;;;;;;;;;;;;;;;;;
365;2;1;732;morton;;;;;;;;;;;;;;;;;;;;;;;;;;;;
366;2;1;734;morton;;;;;;;;;;;;;;;;;;;;;;;;;;;;
367;2;1;736;morton;;;;;;;;;;;;;;;;;;;;;;;;;;;;
368;2;1;738;morton;;;;;;;;;;;;;;;;;;;;;;;;;;;;
369;2;1;740;morton;;;;;;;;;;;;;;;;;;;;;;;;;;;;
370;2;1;742;morton;;;;;;;;;;;;;;;;;;;;;;;;;;;;
371;2;1;744;morton;;;;;;;;;;;;;;;;;;;;;;;;;;;;
372;2;1;746;morton;;;;;;;;;;;;;;;;;;;;;;;;;;;;
373;2;1;748;morton;;;;;;;;;;;;;;;;;;;;;;;;;;;;
374;2;1;750;morton;;;;;;;;;;;;;;;;;;;;;;;;;;;;
375;2;1;752;morton;;;;;;;;;;;;;;;;;;;;;;;;;;;;
376;2;1;754;morton;;;;;;;;;;;;;;;;;;;;;;;;;;;;
377;2;1;756;morton;;;;;;;;;;;;;;;;;;;;;;;;;;;;
378;2;1;758;morton;;;;;;;;;;;;;;;;;;;;;;;;;;;;
379;2;1;760;morton;;;;;;;;;;;;;;;;;;;;;;;;;;;;
380;2;1;762;morton;;;;;;;;;;;;;;;;;;;;;;;;;;;;
381;2;1;764;morton;;;;;;;;;;;;;;;;;;;;;;;;;;;;
382;2;1;766;morton;;;;;;;;;;;;;;;;;;;;;;;;;;;;
383;2;1;768;morton;;;;;;;;;;;;;;;;;;;;;;;;;;;;
384;2;1;770;morton;;;;;;;;;;;;;;;;;;;;;;;;;;;;
385;2;1;772;morton;;;;;;;;;;;;;;;;;;;;;;;;;;;;
386;2;1;774;morton;;;;;;;;;;;;;;;;;;;;;;;;;;;;
387;2;1;776;morton;;;;;;;;;;;;;;;;;;;;;;;;;;;;
388;2;1;778;morton;;;;;;;;;;;;;;;;;;;;;;;;;;;;
389;2;1;780;morton;;;;;;;;;;;;;;;;;;;;;;;;;;;;
390;2;1;782;morton;;;;;;;;;;;;;;;;;;;;;;;;;;;;
391;2;1;784;morton;;;;;;;;;;;;;;;;;;;;;;;;;;;;
392;2;1;786;morton;;;;;;;;;;;;;;;;;;;;;;;;;;;;
393;2;1;788;morton;;;;;;;;;;;;;;;;;;;;;;;;;;;;
394;2;1;790;morton;;;;;;;;;;;;;;;;;;;;;;;;;;;;
395;2;1;792;morton;;;;;;;;;;;;;;;;;;;;;;;;;;;;
396;2;1;794;morton;;;;;;;;;;;;;;;;;;;;;;;;;;;;
397;2;1;796;morton;;;;;;;;;;;;;;;;;;;;;;;;;;;;
398;2;1;798;morton;;;;;;;;;;;;;;;;;;;;;;;;;;;;
399;2;1;800;morton;;;;;;;;;;;;;;;;;;;;;;;;;;;;
400;2;1;802;morton;;;;;;;;;;;;;;;;;;;;;;;;;;;;
401;2;1;804;morton;;;;;;;;;;;;;;;;;;;;;;;;;;;;
402;2;1;806;morton;;;;;;;;;;;;;;;;;;;;;;;;;;;;
403;2;1;808;morton;;;;;;;;;;;;;;;;;;;;;;;;;;;;
404;2;1;810;morton;;;;;;;;;;;;;;;;;;;;;;;;;;;;
405;2;1;812;morton;;;;;;;;;;;;;;;;;;;;;;;;;;;;
406;2;1;814;morton;;;;;;;;;;;;;;;;;;;;;;;;;;;;
407;2;1;816;morton;;;;;;;;;;;;;;;;;;;;;;;;;;;;
408;2;1;818;morton;;;;;;;;;;;;;;;;;;;;;;;;;;;;
409;2;1;820;morton;;;;;;;;;;;;;;;;;;;;;;;;;;;;
410;2;1;822;morton;;;;;;;;;;;;;;;;;;;;;;;;;;;;
411;2;1;824;morton;;;;;;;;;;;;;;;;;;;;;;;;;;;;
412;2;1;826;morton;;;;;;;;;;;;;;;;;;;;;;;;;;;;
413;2;1;828;morton;;;;;;;;;;;;;;;;;;;;;;;;;;;;
414;2;1;830;morton;;;;;;;;;;;;;;;;;;;;;;;;;;;;
415;2;1;832;morton;;;;;;;;;;;;;;;;;;;;;;;;;;;;
416;2;1;834;morton;;;;;;;;;;;;;;;;;;;;;;;;;;;;
417;2;1;836;morton;;;;;;;;;;;;;;;;;;;;;;;;;;;;
418;2;1;838;morton;;;;;;;;;;;;;;;;;;;;;;;;;;;;
419;2;1;840;morton;;;;;;;;;;;;;;;;;;;;;;;;;;;;
420;2;1;842;morton;;;;;;;;;;;;;;;;;;;;;;;;;;;;
421;2;1;844;morton;;;;;;;;;;;;;;;;;;;;;;;;;;;;
422;2;1;846;morton;;;;;;;;;;;;;;;;;;;;;;;;;;;;
423;2;1;848;morton;;;;;;;;;;;;;;;;;;;;;;;;;;;;
424;2;1;850;morton;;;;;;;;;;;;;;;;;;;;;;;;;;;;
425;2;1;852;morton;;;;;;;;;;;;;;;;;;;;;;;;;;;;
426;2;1;854;morton;;;;;;;;;;;;;;;;;;;;;;;;;;;;
427;2;1;856;morton;;;;;;;;;;;;;;;;;;;;;;;;;;;;
428;2;1;858;morton;;;;;;;;;;;;;;;;;;;;;;;;;;;;
429;2;1;860;morton;;;;;;;;;;;;;;;;;;;;;;;;;;;;
430;2;1;862;morton;;;;;;;;;;;;;;;;;;;;;;;;;;;;
431;2;1;864;morton;;;;;;;;;;;;;;;;;;;;;;;;;;;;
432;2;1;866;morton;;;;;;;;;;;;;;;;;;;;;;;;;;;;
433;2;1;868;morton;;;;;;;;;;;;;;;;;;;;;;;;;;;;
434;2;1;870;morton;;;;;;;;;;;;;;;;;;;;;;;;;;;;
435;2;1;872;morton;;;;;;;;;;;;;;;;;;;;;;;;;;;;
436;2;1;874;morton;;;;;;;;;;;;;;;;;;;;;;;;;;;;
437;2;1;876;morton;;;;;;;;;;;;;;;;;;;;;;;;;;;;
438;2;1;878;morton;;;;;;;;;;;;;;;;;;;;;;;;;;;;
439;2;1;880;morton;;;;;;;;;;;;;;;;;;;;;;;;;;;;
440;2;1;882;morton;;;;;;;;;;;;;;;;;;;;;;;;;;;;
441;2;1;884;morton;;;;;;;;;;;;;;;;;;;;;;;;;;;;
442;2;1;886;morton;;;;;;;;;;;;;;;;;;;;;;;;;;;;
443;2;1;888;morton;;;;;;;;;;;;;;;;;;;;;;;;;;;;
444;2;1;890;morton;;;;;;;;;;;;;;;;;;;;;;;;;;;;
445;2;1;892;morton;;;;;;;;;;;;;;;;;;;;;;;;;;;;
446;2;1;894;morton;;;;;;;;;;;;;;;;;;;;;;;;;;;;
447;2;1;896;morton;;;;;;;;;;;;;;;;;;;;;;;;;;;;
448;2;1;898;morton;;;;;;;;;;;;;;;;;;;;;;;;;;;;
449;2;1;900;morton;;;;;;;;;;;;;;;;;;;;;;;;;;;;
450;2;1;902;morton;;;;;;;;;;;;;;;;;;;;;;;;;;;;
451;2;1;904;morton;;;;;;;;;;;;;;;;;;;;;;;;;;;;
452;2;1;906;morton;;;;;;;;;;;;;;;;;;;;;;;;;;;;
453;2;1;908;morton;;;;;;;;;;;;;;;;;;;;;;;;;;;;
454;2;1;910;morton;;;;;;;;;;;;;;;;;;;;;;;;;;;;
455;2;1;912;morton;;;;;;;;;;;;;;;;;;;;;;;;;;;;
456;2;1;914;morton;;;;;;;;;;;;;;;;;;;;;;;;;;;;
457;2;1;916;morton;;;;;;;;;;;;;;;;;;;;;;;;;;;;
458;2;1;918;morton;;;;;;;;;;;;;;;;;;;;;;;;;;;;
459;2;1;920;morton;;;;;;;;;;;;;;;;;;;;;;;;;;;;
460;2;1;922;morton;;;;;;;;;;;;;;;;;;;;;;;;;;;;
461;2;1;924;morton;;;;;;;;;;;;;;;;;;;;;;;;;;;;
462;2;1;926;morton;;;;;;;;;;;;;;;;;;;;;;;;;;;;
463;2;1;928;morton;;;;;;;;;;;;;;;;;;;;;;;;;;;;
464;2;1;930;morton;;;;;;;;;;;;;;;;;;;;;;;;;;;;
465;2;1;932;morton;;;;;;;;;;;;;;;;;;;;;;;;;;;;
466;2;1;934;morton;;;;;;;;;;;;;;;;;;;;;;;;;;;;
467;2;1;936;morton;;;;;;;;;;;;;;;;;;;;;;;;;;;;
468;2;1;938;morton;;;;;;;;;;;;;;;;;;;;;;;;;;;;
469;2;1;940;morton;;;;;;;;;;;;;;;;;;;;;;;;;;;;
470;2;1;942;morton;;;;;;;;;;;;;;;;;;;;;;;;;;;;
471;2;1;944;morton;;;;;;;;;;;;;;;;;;;;;;;;;;;;
472;2;1;946;morton;;;;;;;;;;;;;;;;;;;;;;;;;;;;
473;2;1;948;morton;;;;;;;;;;;;;;;;;;;;;;;;;;;;
474;2;1;950;morton;;;;;;;;;;;;;;;;;;;;;;;;;;;;
475;2;1;952;morton;;;;;;;;;;;;;;;;;;;;;;;;;;;;
476;2;1;954;morton;;;;;;;;;;;;;;;;;;;;;;;;;;;;
477;2;1;956;morton;;;;;;;;;;;;;;;;;;;;;;;;;;;;
478;2;1;958;morton;;;;;;;;;;;;;;;;;;;;;;;;;;;;
479;2;1;960;morton;;;;;;;;;;;;;;;;;;;;;;;;;;;;
480;2;1;962;morton;;;;;;;;;;;;;;;;;;;;;;;;;;;;
481;2;1;964;morton;;;;;;;;;;;;;;;;;;;;;;;;;;;;
482;2;1;966;morton;;;;;;;;;;;;;;;;;;;;;;;;;;;;
483;2;1;968;morton;;;;;;;;;;;;;;;;;;;;;;;;;;;;
484;2;1;970;morton;;;;;;;;;;;;;;;;;;;;;;;;;;;;
485;2;1;972;morton;;;;;;;;;;;;;;;;;;;;;;;;;;;;
486;2;1;974;morton;;;;;;;;;;;;;;;;;;;;;;;;;;;;
487;2;1;976;morton;;;;;;;;;;;;;;;;;;;;;;;;;;;;
488;2;1;978;morton;;;;;;;;;;;;;;;;;;;;;;;;;;;;
489;2;1;980;morton;;;;;;;;;;;;;;;;;;;;;;;;;;;;
490;2;1;982;morton;;;;;;;;;;;;;;;;;;;;;;;;;;;;
491;2;1;984;morton;;;;;;;;;;;;;;;;;;;;;;;;;;;;
492;2;1;986;morton;;;;;;;;;;;;;;;;;;;;;;;;;;;;
493;2;1;988;morton;;;;;;;;;;;;;;;;;;;;;;;;;;;;
494;2;1;990;morton;;;;;;;;;;;;;;;;;;;;;;;;;;;;
495;2;1;992;morton;;;;;;;;;;;;;;;;;;;;;;;;;;;;
496;2;1;994;morton;;;;;;;;;;;;;;;;;;;;;;;;;;;;
497;2;1;996;morton;;;;;;;;;;;;;;;;;;;;;;;;;;;;
498;2;1;998;morton;;;;;;;;;;;;;;;;;;;;;;;;;;;;
